0|0|0|0|0|0|0|0|0|0|0|0|0|0|0|0|0|0|0|0|0|0|0|0|0|0|0|0|0|0|0|0|0|0|0|0|0|0|0|0|12414|12415|12416|0|0|12433|12434|12435|0|0|0|0|0|0|0|0|0|0|0|0|0|0|0|0|0|0|0|0|0|0|0|0|0|0|0|0|0|0|0|0|0|0|0|0|0|0|0|925|926|0|932|933|966|967|968|969|970|0|0|0|0|0|0|0|0|0|0|0|0|0|0|0|0|0|0|0|0|0|0|0|0|0|0|0|0|0|0|0|0|0|0|0|0|0|0|0|0|0|0|0
0|0|0|0|0|0|0|0|0|0|0|0|0|0|0|0|0|0|0|0|0|0|0|0|0|0|0|0|0|0|0|0|0|0|0|0|0|0|0|0|12413|12412|12417|0|12431|12432|12437|12436|0|0|0|0|0|0|0|0|0|0|0|0|0|0|0|0|0|13382|13383|0|0|0|0|0|0|0|0|0|0|0|0|0|0|0|0|0|0|0|0|924|927|930|931|934|965|964|963|962|971|972|0|0|0|0|0|0|0|0|0|0|0|0|0|0|0|0|0|0|0|0|0|0|0|0|0|0|0|0|0|0|0|0|0|0|0|0|0|0|0|0|0|0
0|0|0|0|0|0|0|0|0|0|0|0|0|0|0|0|0|0|0|0|0|0|0|0|0|0|0|0|0|0|0|0|0|0|0|0|0|0|0|0|12410|12411|12418|12419|12430|12429|12438|0|0|0|0|0|0|0|0|0|0|0|0|0|0|0|0|0|0|13381|13384|13385|13386|0|0|13403|13404|0|0|0|0|0|0|0|0|0|0|0|0|921|922|923|928|929|936|935|0|955|956|961|974|973|0|0|0|0|0|0|0|0|0|0|0|0|0|0|0|0|0|0|0|0|0|0|0|0|0|0|0|0|0|0|0|0|0|0|0|0|0|0|0|0|0|0
0|0|0|0|0|0|0|0|0|0|0|0|0|0|0|0|0|0|0|0|0|0|0|0|0|0|0|0|0|0|0|0|0|0|0|0|0|0|0|0|12409|12408|12407|12420|12427|12428|12439|0|0|0|0|0|0|0|0|0|0|0|0|0|0|13358|13359|0|13379|13380|13389|13388|13387|0|0|13402|13405|0|0|0|0|0|0|0|0|0|0|0|0|920|917|916|915|914|937|950|951|954|957|960|975|978|979|0|0|0|0|0|0|0|0|0|0|0|0|0|0|0|0|0|0|0|0|0|0|0|0|0|0|0|0|0|0|0|0|0|0|0|0|0|0|0|0|0
0|0|0|0|0|0|0|0|0|0|0|0|0|0|0|0|0|0|0|0|0|0|0|0|0|0|0|0|0|0|0|0|0|0|0|0|0|0|0|0|0|0|12406|12421|12426|12425|12440|12441|0|0|0|0|0|0|0|0|0|13335|13336|13349|13350|13357|13360|13361|13378|13391|13390|0|13398|13399|13400|13401|13406|13407|0|0|0|0|0|0|0|0|14066|14067|14068|919|918|909|910|913|938|949|952|953|958|959|976|977|980|0|0|0|0|0|0|0|0|0|0|0|0|0|0|0|0|0|0|0|0|0|0|0|0|0|0|0|0|0|0|0|0|0|0|0|0|0|0|0|0|0
0|0|0|0|0|0|0|0|0|0|0|0|0|0|0|0|0|0|0|0|0|0|0|0|0|0|0|0|0|0|0|0|0|0|0|0|0|0|0|0|0|12404|12405|12422|12423|12424|12443|12442|12453|12454|0|0|0|0|0|13330|13331|13334|13337|13348|13351|13356|13363|13362|13377|13392|13395|13396|13397|13414|13413|13412|13409|13408|14013|14014|0|14054|14055|14056|0|14064|14065|14070|14069|0|907|908|911|912|939|948|947|946|985|984|983|982|981|994|995|996|0|0|0|0|0|0|0|0|0|0|0|0|0|0|0|0|0|0|0|0|0|0|0|0|0|0|0|0|0|0|0|0|0|0|0|0|0|0
0|0|0|0|0|0|0|0|0|0|0|0|0|0|0|0|0|0|0|0|0|0|0|0|0|0|0|0|0|0|0|0|0|0|0|0|0|0|12370|12371|12372|12403|12402|12401|12400|12399|12444|12445|12452|12455|12456|0|0|0|0|13329|13332|13333|13338|13347|13352|13355|13364|13375|13376|13393|13394|13417|13416|13415|0|13411|13410|0|14012|14015|0|14053|14052|14057|14058|14063|14072|14071|0|0|906|905|902|901|940|941|944|945|986|987|988|989|0|993|998|997|0|0|0|0|0|0|0|0|0|0|0|0|0|0|0|0|0|0|0|0|0|0|0|0|0|0|0|0|0|0|0|0|0|0|0|0|0|0
0|0|0|0|0|0|0|0|0|0|0|0|0|0|0|0|0|0|0|0|0|0|0|0|0|0|0|0|0|0|0|0|0|0|0|0|0|0|12369|12374|12373|12394|12395|12396|12397|12398|12447|12446|12451|12458|12457|12462|12463|0|0|13328|13327|13326|13339|13346|13353|13354|13365|13374|13423|13422|13419|13418|0|13456|13457|13458|14009|14010|14011|14016|14017|0|14051|14050|14059|14062|14073|14074|14075|14076|0|904|903|900|899|942|943|1010|1009|1008|1007|990|991|992|999|1000|1031|1032|1033|0|0|0|0|0|0|0|0|0|0|0|0|0|0|0|0|0|0|0|0|0|0|0|0|0|0|0|0|0|0|0|0|0|0|0
0|0|0|0|0|0|0|0|0|0|0|0|0|0|0|0|0|0|0|0|0|0|0|0|0|0|0|0|0|0|0|0|0|0|0|12363|12364|12365|12368|12375|12376|12393|12392|12391|12390|12389|12448|12449|12450|12459|12460|12461|12464|13159|13160|13321|13322|13325|13340|13345|13344|13367|13366|13373|13424|13421|13420|13441|13442|13455|13454|13459|14008|14007|14020|14019|14018|0|14048|14049|14060|14061|14082|14081|14078|14077|884|885|888|889|898|897|896|1011|1012|0|1006|1005|1004|1003|1002|1001|1030|1035|1034|0|0|0|0|0|0|0|0|0|0|0|0|0|0|0|0|0|0|0|0|0|0|0|0|0|0|0|0|0|0|0|0|0|0|0
0|0|0|0|0|0|0|0|0|0|0|0|0|0|0|0|0|0|0|0|0|0|0|0|0|0|0|0|0|0|0|0|0|0|0|12362|12361|12366|12367|12378|12377|12382|12383|12386|12387|12388|12473|12472|12471|12468|12467|12466|12465|13158|13161|13320|13323|13324|13341|13342|13343|13368|13369|13372|13425|13426|0|13440|13443|13452|13453|13460|0|14006|14021|0|14045|14046|14047|14086|14085|14084|14083|14080|14079|882|883|886|887|890|891|892|895|1014|1013|1018|1019|0|1023|1024|1027|1028|1029|1036|1037|0|0|0|0|0|0|0|0|0|0|0|0|0|0|0|0|0|0|0|0|0|0|0|0|0|0|0|0|0|0|0|0|0|0|0
0|0|0|0|0|0|0|0|0|0|0|0|0|0|0|0|0|0|0|0|0|0|0|0|0|0|0|0|0|0|0|0|0|12031|12032|12359|12360|12353|12352|12379|12380|12381|12384|12385|12342|12341|12474|12475|12470|12469|12480|12481|0|13157|13162|13319|13318|13317|13316|13315|13314|13313|13370|13371|13428|13427|13438|13439|13444|13451|13462|13461|14004|14005|14022|14023|14044|14043|14042|14087|14090|14091|0|0|0|881|880|873|872|869|868|893|894|1015|1016|1017|1020|1021|1022|1025|1026|1045|1044|1039|1038|0|0|0|0|0|0|0|0|0|0|0|0|0|0|0|0|0|0|0|0|0|0|0|0|0|0|0|0|0|0|0|0|0|0|0
0|0|0|0|0|0|0|0|0|0|0|0|0|0|0|0|0|0|0|0|0|0|0|0|0|0|0|12014|12015|12016|12023|12024|0|12030|12033|12358|12355|12354|12351|12350|12349|12348|12347|12344|12343|12340|12339|12476|12477|12478|12479|12482|13155|13156|13163|13164|0|13176|13177|13178|0|13312|13311|13310|13429|13430|13437|13446|13445|13450|13463|0|14003|14002|14025|14024|14039|14040|14041|14088|14089|14092|14093|8|9|878|879|874|871|870|867|866|865|864|863|862|1051|1050|1049|1048|1047|1046|1043|1040|0|0|0|0|0|0|0|0|0|0|0|0|0|0|0|0|0|0|0|0|0|0|0|0|0|0|0|0|0|0|0|0|0|0|0|0
0|0|0|0|0|0|0|0|0|0|0|0|0|0|0|0|0|0|11968|11969|0|0|0|0|0|0|0|12013|12012|12017|12022|12025|12028|12029|12034|12357|12356|12315|12316|0|12322|12323|12346|12345|12336|12337|12338|12489|12488|12487|12486|12483|13154|13153|13152|13165|13166|13175|13180|13179|13292|13293|13294|13309|13308|13431|13436|13447|13448|13449|13464|13465|13466|14001|14026|0|14038|14037|14036|14097|14096|14095|14094|7|10|877|876|875|0|851|852|853|854|857|858|861|1052|1055|1056|1059|1060|0|1042|1041|1066|1067|0|0|0|0|0|0|0|0|0|0|0|0|0|0|0|0|0|0|0|0|0|0|0|0|0|0|0|0|0|0|0|0|0|0
0|0|0|0|0|0|0|0|0|0|0|0|0|0|0|0|0|0|11967|11970|0|0|0|11988|11989|0|12007|12008|12011|12018|12021|12026|12027|12036|12035|12312|12313|12314|12317|12318|12321|12324|0|12334|12335|12498|12497|12490|12491|12492|12485|12484|13147|13148|13151|13168|13167|13174|13181|0|13291|13296|13295|13306|13307|13432|13435|13472|1135003471|13470|13469|13468|13467|14000|14027|14028|14031|14032|14035|14098|14099|14100|5|6|11|12|33|34|35|850|849|848|855|856|859|860|1053|1054|1057|1058|1061|1062|1063|1064|1065|1068|1141|1142|0|0|0|0|0|0|0|0|0|0|0|0|0|0|0|0|0|0|0|0|0|0|0|0|0|0|0|0|0|0|0|0
0|0|0|0|0|0|0|0|0|0|0|0|0|0|0|0|0|0|11966|11971|0|11983|11984|11987|11990|12005|12006|12009|12010|12019|12020|12039|12038|12037|0|12311|12310|12309|12308|12319|12320|12325|12332|12333|12500|12499|12496|12495|12494|12493|13144|13145|13146|13149|13150|13169|13170|13173|13182|13289|13290|13297|13298|13305|13304|13433|13434|13473|13474|13475|13476|13925|13926|13999|13998|14029|14030|14033|14034|14103|14102|14101|4|15|14|13|32|31|36|845|846|847|840|839|838|837|836|1077|1076|1075|1074|1073|1072|1071|1070|1069|1140|1143|0|0|0|0|0|0|0|0|0|0|0|0|0|0|0|0|0|0|0|0|0|0|0|0|0|0|0|0|0|0|0|0
0|0|0|0|0|0|0|0|0|0|0|0|0|0|0|0|0|0|11965|11972|0|11982|11985|11986|11991|12004|12003|12002|12001|12042|12041|12040|0|12060|12061|0|12239|12240|12307|12306|12305|12326|12331|12330|12501|12504|12505|12510|12511|0|13143|13142|13141|13138|13137|13136|13171|13172|13183|13288|13285|13284|13299|13300|13303|13482|13481|13480|13479|13478|13477|13924|13927|13928|13997|13994|13993|13992|13991|14104|14105|14106|3|16|17|24|25|30|37|844|843|842|841|814|815|0|835|1078|1107|1108|0|1120|1121|1122|1133|1134|1139|1144|0|0|0|0|0|0|0|0|0|0|0|0|0|0|0|0|0|0|0|0|0|0|0|0|0|0|0|0|0|0|0|0
0|0|0|0|0|0|0|0|0|0|0|0|0|0|0|0|0|0|11964|11973|11974|11981|11980|11979|11992|11995|11996|11999|12000|12043|12044|12045|12046|12059|12062|12237|12238|12241|12302|12303|12304|12327|12328|12329|12502|12503|12506|12509|12512|12513|12514|0|13140|13139|0|13135|13134|13133|13184|13287|13286|13283|13282|13301|13302|13483|13486|13487|13488|13921|13922|13923|13930|13929|13996|13995|13970|13971|13990|13989|14108|14107|2|1|18|23|26|29|38|39|810|811|812|813|816|817|834|1079|1106|1109|1110|1119|1124|1123|1132|1135|1138|1145|0|0|0|0|0|0|0|0|0|0|0|0|0|0|0|0|0|0|0|0|0|0|0|0|0|0|0|0|0|0|0|0
0|0|0|0|0|0|0|0|0|0|0|0|0|0|0|0|0|0|11963|11962|11975|11976|11977|11978|11993|11994|11997|11998|11949|11948|12049|12048|12047|12058|12063|12236|12235|12242|12301|12300|12299|12298|12297|12294|12293|12292|12507|12508|12517|12516|12515|13114|13115|13118|13119|13122|13123|13132|13185|0|13269|13270|13281|13280|13279|13484|13485|13490|13489|13920|13919|13918|13931|13936|13937|13968|13969|13972|0|13988|14109|14110|14125|0|19|22|27|28|41|40|809|808|807|806|819|818|833|1080|1105|1112|1111|1118|1125|1130|1131|1136|1137|1146|0|1184|1185|1188|1189|0|0|0|0|0|0|0|1639|1640|0|0|0|0|0|0|0|0|0|0|0|0|0|0|0|0|0|0
0|0|0|0|0|0|0|0|0|0|0|0|0|0|0|0|0|0|0|11961|11960|11959|11958|11957|11956|11955|11952|11951|11950|11947|12050|12053|12054|12057|12064|12233|12234|12243|12252|12253|12266|12267|12296|12295|12290|12291|12520|12519|12518|13111|13112|13113|13116|13117|13120|13121|13124|13131|13186|13187|13268|13271|13274|13275|13278|13493|13492|13491|13498|13499|13916|13917|13932|13935|13938|13967|13966|13973|13986|13987|14112|14111|14124|14123|20|21|44|43|42|0|794|795|796|805|820|831|832|1081|1104|1113|1114|1117|1126|1129|1150|1149|1148|1147|1182|1183|1186|1187|1190|1191|0|1629|1630|1631|0|0|1638|1641|1642|0|0|0|0|0|1720|1721|0|0|0|0|0|0|0|0|0|0
0|0|0|0|0|0|0|0|0|0|0|0|0|0|0|0|0|0|0|11790|11791|11804|11805|11806|0|11954|11953|11942|11943|11946|12051|12052|12055|12056|12065|12232|12231|12244|12251|12254|12265|12268|12277|12278|12289|12288|12521|12522|12523|13110|13109|13108|13105|13104|13103|13126|13125|13130|13189|13188|13267|13272|13273|13276|13277|13494|13495|13496|13497|13500|13915|13914|13933|13934|13939|13940|13965|13974|13985|14114|14113|0|14121|14122|51|50|45|46|787|788|793|792|797|804|821|830|829|1082|1103|1102|1115|1116|1127|1128|1151|1152|1173|1174|1181|1196|1195|1194|1193|1192|0|1628|1627|1632|1633|1636|1637|1644|1643|0|0|1706|1707|1718|1719|1722|0|0|0|0|0|0|0|0|0|0
0|0|0|0|0|0|0|0|0|0|0|0|0|0|0|0|0|11785|11786|11789|11792|11803|11802|11807|11818|11819|11940|11941|11944|11945|11932|11931|12068|12067|12066|12229|12230|12245|12250|12255|12264|12269|12276|12279|12280|12287|12526|12525|12524|12535|12536|13107|13106|13101|13102|13127|13128|13129|13190|13191|13266|13265|13264|13263|13262|13505|13504|13503|13502|13501|13912|13913|13944|13943|13942|13941|13964|13975|13984|14115|14118|14119|14120|53|52|49|48|47|786|789|790|791|798|803|822|827|828|1083|1100|1101|1158|1157|1156|1155|1154|1153|1172|1175|1180|1197|1198|1205|1206|0|0|0|1626|1625|1634|1635|1646|1645|0|1703|1704|1705|1708|1717|1724|1723|0|0|0|0|0|0|0|0|0|0
0|0|0|0|0|0|0|0|0|0|0|0|0|0|0|0|0|11784|11787|11788|11793|0|11801|11808|11817|11820|11939|11938|11937|11934|11933|11930|12069|12082|12083|12228|12227|12246|12249|12256|12263|12270|12275|12282|12281|12286|12527|12530|12531|12534|12537|12540|12541|13100|13099|13098|13097|13194|13193|13192|13249|13250|0|13260|13261|13506|13507|13508|13509|13510|13911|13910|13945|13948|13949|13950|13963|13976|13983|14116|14117|56|55|54|0|0|727|728|785|784|783|782|799|802|823|826|1085|1084|1099|1098|1159|0|1163|1164|1167|1168|1171|1176|1179|1200|1199|1204|1207|1208|0|1618|1619|1624|1623|1648|1647|0|0|1702|1701|1700|1709|1716|1725|0|0|0|0|0|0|0|0|0|0|0
0|0|0|0|0|0|0|0|0|0|0|0|0|0|0|0|0|11783|11782|11781|11794|11795|11800|11809|11816|11821|11918|11919|11936|11935|11928|11929|12070|12081|12084|12225|12226|12247|12248|12257|12262|12271|12274|12283|12284|12285|12528|12529|12532|12533|12538|12539|12542|12543|13088|13089|13096|13195|13196|13247|13248|13251|13252|13259|13258|13515|13514|13513|13512|13511|13908|13909|13946|13947|13952|13951|13962|13977|13982|59|58|57|298|299|300|725|726|729|736|737|780|781|800|801|824|825|1086|1095|1096|1097|1160|1161|1162|1165|1166|1169|1170|1177|1178|1201|1202|1203|1210|1209|1616|1617|1620|1621|1622|1649|1652|1653|1696|1697|1698|1699|1710|1715|1726|1727|1734|1735|0|0|0|0|0|0|0|0
0|0|0|0|0|0|0|0|0|0|0|0|0|0|0|0|0|11774|11775|11780|11779|11796|11799|11810|11815|11822|11917|11920|11921|11922|11927|11926|12071|12080|12085|12224|12223|12222|12221|12258|12261|12272|12273|12556|12555|12554|12553|12550|12549|12548|12547|12546|12545|12544|13087|13090|13095|13094|13197|13246|13245|13244|13253|13254|13257|13516|13519|13520|13523|13524|13907|13906|13905|13904|13953|13954|13961|13978|13981|60|61|62|297|296|301|724|723|730|735|738|779|778|777|776|1089|1088|1087|1094|1249|1248|1243|1242|1229|1228|1225|1224|1221|1220|1217|1216|1213|1212|1211|0|1615|1614|1609|1608|1607|1650|1651|1654|1695|1694|1693|1692|1711|1714|1729|1728|1733|1736|1737|0|0|0|0|0|0|0
0|0|0|0|0|0|0|0|0|0|0|0|0|0|0|0|0|11773|11776|11777|11778|11797|11798|11811|11814|11823|11916|11915|11914|11923|11924|11925|12072|12079|12086|12217|12218|12219|12220|12259|12260|12559|12558|12557|12582|12583|12552|12551|0|13081|13082|13083|13084|13085|13086|13091|13092|13093|13198|13201|13202|13243|13242|13255|13256|13517|13518|13521|13522|13525|13900|13901|13902|13903|13956|13955|13960|13979|13980|65|64|63|294|295|302|721|722|731|734|739|740|773|774|775|1090|1091|1092|1093|1250|1247|1244|1241|1230|1227|1226|1223|1222|1219|1218|1215|1214|1435|1436|1437|1438|1613|1610|1605|1606|1657|1656|1655|1684|1685|1690|1691|1712|1713|1730|1731|1732|1739|1738|0|0|0|0|0|0|0
0|0|0|0|0|0|0|0|0|0|0|0|0|0|0|0|0|11772|11771|11768|11767|11764|11763|11812|11813|11824|11825|0|11913|11912|11911|11910|12073|12078|12087|12216|12215|12214|12213|12212|12211|12560|12563|12564|12581|12584|12585|12596|12597|13080|13079|13078|13077|13074|13073|13072|13071|13070|13199|13200|13203|13204|13241|13240|13239|13530|13529|13528|13527|13526|13899|13898|13897|13896|13957|13958|13959|72|71|66|287|288|293|292|303|720|719|732|733|742|741|772|771|770|769|1256|1255|1254|1251|1246|1245|1240|1231|1232|1233|1406|1407|1408|1427|1428|0|1434|1441|1440|1439|1612|1611|1604|1603|1658|1659|0|1683|1686|1689|1746|1745|1744|1743|1742|1741|1740|0|0|0|0|0|0|0|0
0|0|0|0|0|0|0|0|0|0|0|0|0|0|0|0|0|0|11770|11769|11766|11765|11762|11761|11760|11827|11826|11833|11834|11907|11908|11909|12074|12077|12088|12123|12124|12127|12128|12209|12210|12561|12562|12565|12580|12587|12586|12595|12598|12605|12606|0|13076|13075|12730|12731|13068|13069|13064|13063|13206|13205|13236|13237|13238|13531|13532|13533|13544|13545|0|13883|13884|13895|13894|77|76|73|70|67|286|289|290|291|304|305|718|717|716|743|744|765|766|767|768|1257|0|1253|1252|1303|1304|1239|1236|1235|1234|1405|1410|1409|1426|1429|1430|1433|1442|1445|1446|0|1594|1595|1602|1601|1660|1661|1682|1687|1688|1747|1748|1749|1750|1751|1752|1753|1754|1755|0|0|0|0|0|0
0|0|0|0|0|0|0|0|0|0|0|0|0|0|0|0|0|0|0|11754|11755|11756|11757|11758|11759|11828|11829|11832|11835|11906|11905|11904|12075|12076|12089|12122|12125|12126|12129|12208|12207|12568|12567|12566|12579|12588|12589|12594|12599|12604|12607|12722|12723|12728|12729|12732|13067|13066|13065|13062|13207|0|13235|13234|13233|13536|13535|13534|13543|13546|13881|13882|13885|13886|13893|78|75|74|69|68|285|284|283|308|307|306|713|714|715|746|745|764|763|762|761|1258|1259|1300|1301|1302|1305|1238|1237|1396|1397|1404|1411|1412|1425|1424|1431|1432|1443|1444|1447|1448|1593|1596|1597|1600|1663|1662|1681|1766|1765|1764|1763|1762|1761|1760|1759|1758|1757|1756|0|0|0|0|0|0
0|0|0|0|0|0|0|0|0|0|0|0|0|0|0|0|11750|11751|11752|11753|11744|11743|11740|11739|11736|11735|11830|11831|11836|11837|0|11903|12092|12091|12090|12121|12120|12119|12130|12131|12206|12569|12570|0|12578|12577|12590|12593|12600|12603|12608|12721|12724|12727|12734|12733|13058|13059|13060|13061|13208|13209|13228|13229|13232|13537|0|13541|13542|13547|13880|13879|13888|13887|13892|79|80|81|0|265|266|0|282|309|310|311|712|711|710|747|748|749|0|759|760|1261|1260|1299|1298|1307|1306|1389|1390|1395|1398|1403|1414|1413|1422|1423|1462|1461|1458|1457|1456|1449|1592|1591|1598|1599|1664|1665|1680|1767|1768|1851|1852|1857|1858|1861|1862|1863|1864|1865|1866|0|0|0|0|0
0|0|0|0|0|0|0|0|0|0|0|0|0|0|0|0|11749|11748|11747|11746|11745|11742|11741|11738|11737|11734|11733|11732|11839|11838|11901|11902|12093|12094|0|12106|12107|12118|12117|12132|12205|12204|12571|12572|12575|12576|12591|12592|12601|12602|12609|12720|12725|12726|12735|12736|13057|13056|13055|13054|13211|13210|13227|13230|13231|13538|13539|13540|13549|13548|13877|13878|13889|13890|13891|84|83|82|263|264|267|280|281|314|313|312|319|320|709|708|707|750|751|758|757|1262|1285|1286|1297|1308|1309|1388|1391|1394|1399|1402|1415|0|1421|1464|1463|1460|1459|1454|1455|1450|0|1590|1671|1670|1667|1666|1679|1770|1769|1850|1853|1856|1859|1860|1871|1870|1869|1868|1867|0|0|0|0|0
0|0|0|0|0|0|0|0|0|0|0|0|0|0|0|0|0|0|11702|11703|11704|11705|11726|11727|11728|11729|11730|11731|11840|11841|11900|11899|11898|12095|12104|12105|12108|12115|12116|12133|12134|12203|12202|12573|12574|12615|12614|12613|12612|12611|12610|12719|12718|12739|12738|12737|13050|13051|13052|13053|13212|0|13226|13225|13558|13557|13556|13555|13550|13551|13876|13875|88|87|86|85|260|261|262|269|268|279|278|315|316|317|318|321|470|471|706|705|752|0|756|1263|1284|1287|1296|1295|1310|1387|1392|1393|1400|1401|1416|1417|1420|1465|1558|1559|0|1453|1452|1451|1588|1589|1672|1669|1668|1677|1678|1771|0|1849|1854|1855|1874|1873|1872|1893|1894|0|0|0|0|0|0|0
0|0|0|0|0|0|0|0|0|0|0|0|0|0|0|0|0|0|11701|11700|11699|11706|11725|11724|11723|11722|11721|11718|11717|11842|11843|0|11897|12096|12103|12102|12109|12114|12139|12138|12135|12200|12201|12618|12617|12616|12649|12650|12651|12652|12713|12714|12717|12740|12741|12742|13049|13046|13045|13044|13213|13218|13219|13224|13559|13560|0|13554|13553|13552|0|13874|89|90|97|98|259|258|257|270|271|276|277|326|325|324|323|322|469|472|473|704|753|754|755|1264|1283|1288|1289|1294|1311|1386|1385|1384|1383|1474|1473|1418|1419|1466|1557|1560|1561|0|1577|1578|1587|1586|1673|1674|1675|1676|1773|1772|1847|1848|1877|1876|1875|1886|1887|1892|1895|1896|1897|0|0|0|0|0
0|0|0|0|0|0|0|0|0|0|0|0|0|0|0|0|0|0|0|11697|11698|11707|11708|11709|11710|11711|11720|11719|11716|11845|11844|11895|11896|12097|12098|12101|12110|12113|12140|12137|12136|12199|12198|12619|12634|12635|12648|12655|12654|12653|12712|12715|12716|12745|12744|12743|13048|13047|0|13043|13214|13217|13220|13223|13562|13561|13636|13637|13648|13649|13872|13873|92|91|96|99|160|161|256|255|272|275|328|327|396|397|398|0|468|467|474|703|702|701|700|1265|1282|1281|1290|1293|1312|1379|1380|1381|1382|1475|1472|1469|1468|1467|1556|1555|1562|1563|1576|1579|0|1585|1778|1777|1776|1775|1774|0|1846|1845|1878|1881|1882|1885|1888|1891|1900|1899|1898|0|0|0|0|0
0|0|0|0|0|0|0|0|0|0|0|0|0|0|0|0|0|11674|11675|11696|11695|11694|11693|11692|11691|11712|11713|11714|11715|11846|11847|11894|11889|11888|12099|12100|12111|12112|12141|12142|12157|12158|12197|12620|12633|12636|12647|12656|12657|12710|12711|12748|12747|12746|12883|12884|12885|13040|13041|13042|13215|13216|13221|13222|13563|13564|13635|13638|13647|13650|13871|13870|93|94|95|100|159|162|163|254|273|274|329|394|395|400|399|452|453|466|475|696|697|698|699|1266|1267|1280|1291|1292|1313|1378|1377|1376|1375|1476|1471|1470|1481|1482|1483|1554|1565|1564|1575|1580|1583|1584|1779|1780|1831|1832|1837|1838|0|1844|1879|1880|1883|1884|1889|1890|1901|1902|1903|1904|0|0|0|0
0|0|0|0|0|0|0|0|0|0|0|0|0|0|0|0|0|11673|11676|11677|11678|11679|11680|11681|11690|11689|11688|11687|11852|11851|11848|11893|11890|11887|11884|11883|11882|12145|12144|12143|12156|12159|12196|12621|12632|12637|12646|12645|12658|12709|12750|12749|12772|12773|12882|12881|12886|13039|13038|13037|13036|13035|13568|13567|13566|13565|13634|13639|13646|13651|0|13869|104|103|102|101|158|157|164|253|252|331|330|393|402|401|0|451|454|465|476|695|694|693|692|1269|1268|1279|1316|1315|1314|0|1370|1371|1374|1477|1478|1479|1480|1485|1484|1553|1566|0|1574|1581|1582|1783|1782|1781|1830|1833|1836|1839|1842|1843|1926|1925|1924|1923|1922|1921|1908|1907|1906|1905|0|0|0|0
0|0|0|0|0|0|0|0|0|0|0|0|0|0|0|11564|11565|11672|11671|11668|11667|11664|11663|11682|11683|11684|11685|11686|11853|11850|11849|11892|11891|11886|11885|11880|11881|12146|12151|12152|12155|12160|12195|12622|12631|12638|12639|12644|12659|12708|12751|12770|12771|12774|12775|12880|12887|12888|13029|13030|13031|13034|13569|13570|13601|13602|13633|13640|13645|13652|13867|13868|105|106|139|140|155|156|165|250|251|332|391|392|403|410|411|450|455|464|477|480|481|690|691|1270|1277|1278|1317|1354|1355|1356|1369|1372|1373|1490|1489|1488|1487|1486|1551|1552|1567|1572|1573|1786|1785|1784|1827|1828|1829|1834|1835|1840|1841|1928|1927|1932|1933|1934|1935|1920|1909|1910|1911|0|0|0|0|0
0|0|0|0|0|0|0|0|0|11543|11544|0|0|11559|11560|11563|11566|11567|11670|11669|11666|11665|11662|11661|11660|11659|11658|11657|11854|11859|11860|11861|11868|11869|11878|11879|0|12147|12150|12153|12154|12161|12194|12623|12630|0|12640|12643|12660|12707|12752|12769|12778|12777|12776|12879|12878|12889|13028|0|13032|13033|13572|13571|13600|13603|13632|13641|13644|13653|13866|13865|13864|107|138|141|154|0|166|249|334|333|390|405|404|409|412|449|456|463|478|479|482|689|688|1271|1276|1275|1318|1353|1352|1357|1368|1499|1498|1491|1492|1493|1540|1541|1550|1549|1568|1571|1788|1787|0|1825|1826|1967|1966|1965|1964|1963|1962|1929|1930|1931|1940|1939|1936|1919|1916|1915|1912|0|0|0|0|0
0|0|0|0|0|0|0|0|0|11542|11545|11546|11557|11558|11561|11562|11569|11568|0|11578|11579|11648|11649|11652|11653|11654|11655|11656|11855|11858|11863|11862|11867|11870|11877|11876|11875|12148|12149|12164|12163|12162|12193|12624|12629|12628|12641|12642|12661|12706|12753|12768|12779|12780|12875|12876|12877|12890|13027|13026|13025|13024|13573|13598|13599|13604|13631|13642|13643|13654|13861|13862|13863|108|137|142|153|168|167|248|335|336|389|406|407|408|413|448|457|462|461|0|483|686|687|1272|1273|1274|1319|1350|1351|1358|1367|1500|1497|1496|1495|1494|1539|1542|1547|1548|1569|1570|1789|1790|1791|1824|1823|1968|0|1978|1979|0|1961|1960|1959|1942|1941|1938|1937|1918|1917|1914|1913|0|0|0|0|0
0|0|0|0|0|0|0|0|0|11541|11540|11547|11556|11555|11554|11553|11570|11573|11574|11577|11580|11647|11650|11651|11642|11641|11638|11637|11856|11857|11864|11865|11866|11871|11872|11873|11874|11623|11622|12165|12166|12167|12192|12625|12626|12627|12664|12663|12662|12705|12754|12767|12782|12781|12874|12873|0|12891|13014|13015|13016|13023|13574|13597|13606|13605|13630|13657|13656|13655|13860|13859|110|109|136|143|152|169|170|247|246|337|388|0|416|415|414|447|458|459|460|485|484|685|684|683|682|1321|1320|1349|1360|1359|1366|1501|1502|1503|1504|1505|1538|1543|1546|1797|1796|1795|1794|1793|1792|1821|1822|1969|1970|1977|1980|1981|1982|1983|1958|1943|1944|1945|0|0|0|2065|2066|2067|0|0|2072|2073
0|0|0|0|0|0|0|0|11537|11538|11539|11548|11549|11550|11551|11552|11571|11572|11575|11576|11581|11646|11645|11644|11643|11640|11639|11636|11635|11634|11631|11630|11629|11628|11627|11626|11625|11624|11621|11618|11617|12168|12191|12190|0|12666|12665|12696|12697|12704|12755|12766|12783|12784|12871|12872|12893|12892|13013|13012|13017|13022|13575|13596|13607|13628|13629|13658|13661|13662|13857|13858|111|112|135|144|151|172|171|244|245|338|387|386|417|418|419|446|445|444|0|486|487|678|679|680|681|1322|1323|1348|1361|1362|1365|1512|1511|1510|1509|1506|1537|1544|1545|1798|1807|1808|0|1814|1815|1820|1819|1972|1971|1976|1987|1986|1985|1984|1957|1956|1955|1946|1947|0|0|2064|2063|2068|2069|2070|2071|2074
0|0|0|0|0|0|0|0|11536|11535|11532|11531|11530|11529|11520|11519|11518|11507|11506|11505|11582|11583|11586|11587|11590|11591|11592|11593|11594|11633|11632|11599|11600|11601|11602|11603|11604|11605|11620|11619|11616|12169|12170|12189|12188|12667|12694|12695|12698|12703|12756|12765|12786|12785|12870|12869|12894|12895|13010|13011|13018|13021|13576|13595|13608|13627|13626|13659|13660|13663|13856|13855|114|113|134|145|150|173|174|243|340|339|384|385|422|421|420|429|430|443|490|489|488|677|676|1327|1326|1325|1324|1347|1346|1363|1364|1513|1528|1529|1508|1507|1536|1801|1800|1799|1806|1809|1812|1813|1816|1817|1818|1973|1974|1975|1988|1989|1992|1993|1994|1953|1954|1949|1948|0|2060|2061|2062|2081|2080|2077|2076|2075
0|0|0|0|0|0|0|0|0|11534|11533|0|11527|11528|11521|0|11517|11508|11509|11504|11503|11584|11585|11588|11589|11494|11493|11492|11595|11596|11597|11598|11471|11470|11469|11468|11467|11606|11609|11610|11615|12172|12171|12186|12187|12668|12693|12692|12699|12702|12757|12764|12787|12788|12867|12868|0|12896|13009|13008|13019|13020|13577|13594|13609|13624|13625|13666|13665|13664|13853|13854|115|116|133|146|149|176|175|242|341|342|383|382|423|424|425|428|431|442|491|492|493|674|675|1328|1329|1330|1331|1344|1345|1516|1515|1514|1527|1530|1533|1534|1535|1802|1803|1804|1805|1810|1811|2016|2015|2012|2011|2008|2007|2004|2003|1990|1991|1996|1995|1952|1951|1950|2055|2056|2059|2084|2083|2082|2079|2078|0|0
0|0|0|0|0|0|0|0|11348|11349|11352|11353|11526|11525|11522|11515|11516|11511|11510|0|11502|11501|11500|11499|11496|11495|0|11491|11490|11477|11476|11475|11472|11463|11464|11465|11466|11607|11608|11611|11614|12173|12174|12185|12184|12669|12670|12691|12700|12701|12758|12763|12790|12789|12866|12865|12864|12897|13006|13007|13580|13579|13578|13593|13610|13623|13622|13667|13668|13669|13852|13851|13850|117|132|147|148|177|178|241|240|343|344|381|380|379|426|427|432|441|440|495|494|673|672|671|1334|1333|1332|1343|1342|1517|1518|1525|1526|1531|1532|2203|2202|2201|2198|2197|2020|2019|2018|2017|2014|2013|2010|2009|2006|2005|2002|2001|1998|1997|2046|2047|2050|2051|2054|2057|2058|2085|2086|2087|2088|2089|0|0
0|0|0|0|0|0|0|11346|11347|11350|11351|11354|0|11524|11523|11514|11513|11512|0|11400|11401|11404|11405|11498|11497|11486|11487|11488|11489|11478|0|11474|11473|11462|11461|11460|11441|11440|0|11612|11613|0|12175|12182|12183|12672|12671|12690|12689|12688|12759|12762|12791|12792|12827|12828|12863|12898|13005|13004|13581|13584|13585|13592|13611|13620|13621|13672|13671|13670|13717|13718|13849|118|131|182|181|180|179|238|239|346|345|376|377|378|0|434|433|438|439|496|497|668|669|670|1335|1336|1337|1340|1341|1520|1519|1524|2211|2210|2209|2204|2205|2200|2199|2196|2021|2022|2023|2024|2025|2026|2027|2028|2029|2030|2031|2000|1999|0|2045|2048|2049|2052|2053|2106|2105|2100|2099|2092|2091|2090|0|0
0|0|0|0|0|0|0|11345|11344|11343|11342|11355|11374|11375|11376|11379|11380|11381|11382|11399|11402|11403|11406|11407|11408|11485|11482|11481|11480|11479|11454|11455|11456|11457|11458|11459|11442|11439|11438|11267|11266|11265|12176|12181|12180|12673|12674|12677|12678|12687|12760|12761|12794|12793|12826|12829|12862|12899|12900|13003|13582|13583|13586|13591|13612|13619|13618|13673|13674|13675|13716|13719|13848|119|130|183|184|185|186|237|0|347|348|375|374|373|372|435|436|437|0|499|498|667|666|665|664|663|1338|1339|0|1521|1522|1523|2212|2213|2208|2207|2206|2223|2224|2195|2186|2185|2184|2177|2176|2169|2168|2035|2034|2033|2032|2041|2042|2043|2044|2113|2112|2111|2108|2107|2104|2101|2098|2093|2094|0|0|0
0|0|0|0|0|0|0|0|11337|11338|11341|11356|11373|11372|11377|11378|11367|11366|11383|11398|11397|11396|11395|11394|11409|11484|11483|11418|11419|0|11453|11452|11451|11450|11447|11446|11443|11436|11437|11268|11263|11264|12177|12178|12179|0|12675|12676|12679|12686|12685|0|12795|12796|12825|12830|12861|12860|12901|13002|12999|12998|13587|13590|13613|13616|13617|13678|13677|13676|13715|13720|13847|120|129|0|191|190|187|236|235|350|349|368|369|370|371|504|503|502|501|500|607|608|651|652|661|662|0|2244|2243|0|2239|2238|2237|2214|0|2218|2219|2222|2225|2194|2187|2188|2183|2178|2175|2170|2167|2036|2037|2038|2039|2040|2145|2144|2143|2114|2115|2110|2109|0|2103|2102|2097|2096|2095|0|0|0
0|0|0|0|0|0|0|11335|11336|11339|11340|11357|11358|11371|11370|11369|11368|11365|11384|11387|11388|11391|11392|11393|11410|11413|11414|11417|11420|11423|11424|11427|11428|11449|11448|11445|11444|11435|0|11269|11262|0|0|11255|11254|11251|11250|11249|12680|12681|12684|12801|12800|12797|12824|12831|12832|12859|12902|13001|13000|12997|13588|13589|13614|13615|13680|13679|13708|13709|13714|13721|13846|121|128|127|192|189|188|233|234|351|352|367|366|365|0|505|506|599|600|605|606|609|650|653|660|2247|2246|2245|2242|2241|2240|2235|2236|2215|2216|2217|2220|2221|2226|2193|2190|2189|2182|2179|2174|2171|2166|2163|2162|2159|2158|2157|2146|2147|2142|2117|2116|2121|2122|0|0|0|0|0|0|0|0|0
0|0|0|0|0|0|0|11334|11333|11332|11315|11314|11359|11360|11361|11362|11363|11364|11385|11386|11389|11390|11291|11290|11411|11412|11415|11416|11421|11422|11425|11426|11429|11430|11431|11432|11433|11434|11271|11270|11261|11260|11257|11256|11253|11252|11247|11248|0|12682|12683|12802|12799|12798|12823|0|12833|12858|12903|12910|12911|12996|12995|12994|12991|12990|13681|13682|13707|13710|13713|13722|13845|122|125|126|193|194|195|232|231|0|353|362|363|364|509|508|507|598|601|604|611|610|649|654|659|2248|2249|2250|2251|2252|2253|2234|2233|2232|2231|2230|2229|2228|2227|2192|2191|0|2181|2180|2173|2172|2165|2164|2161|2160|0|2156|2149|2148|2141|2118|2119|2120|2123|0|0|0|0|0|0|0|0|0
0|0|0|0|0|0|11328|11329|11330|11331|11316|11313|11310|11309|11306|11305|11302|11301|11298|11297|11296|11293|11292|11289|11288|11287|11286|11283|11282|11281|11280|11279|11278|11277|11276|11275|11274|11273|11272|11175|11176|11259|11258|11191|11192|11245|11246|11241|11240|11239|11238|12803|12806|12807|12822|12835|12834|12857|12904|12909|12912|12955|12956|12993|12992|12989|13684|13683|13706|13711|13712|13723|13844|123|124|0|198|197|196|229|230|355|354|361|512|511|510|533|534|597|602|603|612|613|648|655|658|2325|2324|0|2318|2317|2254|2255|2256|2257|2258|2259|2260|2261|2262|2263|2266|2267|2268|2269|2270|2271|2272|2273|2274|2275|2276|2155|2150|2151|2140|2135|2134|2125|2124|0|0|0|0|0|0|0|0|0
0|0|0|0|0|0|11327|11326|11325|11318|11317|11312|11311|11308|11307|11304|11303|11300|11299|0|11295|11294|11145|11146|11147|11148|11285|11284|11153|11154|11155|11156|11157|11158|11159|11160|11161|11162|11163|11174|11177|11178|11189|11190|11193|11244|11243|11242|11235|11236|11237|12804|12805|12808|12821|12836|12837|12856|12905|12908|12913|12954|12957|12964|12965|12988|13685|13704|13705|13726|13725|13724|13843|13842|13841|13840|199|200|227|228|0|356|357|360|513|528|529|532|535|596|0|616|615|614|647|656|657|2326|2323|2320|2319|2316|2315|2314|2313|2312|2311|2310|2309|2308|2307|2264|2265|2302|2301|2300|2283|2282|2281|2280|2279|2278|2277|2154|2153|2152|2139|2136|2133|2126|2127|0|0|0|0|0|0|0|0|0
0|0|0|0|0|0|0|0|11324|11319|11320|0|11134|11135|11136|11137|11138|11139|11140|11141|11142|11143|11144|11119|11118|11149|11150|11151|11152|11045|11044|11043|11042|11041|11040|11039|11038|11037|11164|11173|11172|11179|11188|0|11194|11207|11208|11209|11234|11233|11232|11231|11230|12809|12820|12839|12838|12855|12906|12907|12914|12953|12958|12963|12966|12987|13686|13703|13702|13727|13734|13735|13736|13737|13838|13839|202|201|226|225|224|0|358|359|514|527|530|531|536|595|594|617|618|619|646|645|2328|2327|2322|2321|2352|2353|2354|2363|2364|2365|2366|2367|2368|2369|2306|2305|2304|2303|2298|2299|2284|2285|2286|2287|2288|2289|2412|2413|2414|0|2138|2137|2132|2129|2128|0|0|0|0|0|0|0|0|0
0|0|0|0|0|0|0|0|11323|11322|11321|0|11133|11130|11129|11128|11127|11126|11125|11124|11123|11122|11121|11120|11117|11054|11053|11048|11047|11046|11005|11006|11031|11032|11033|11034|11035|11036|11165|11166|11171|11180|11187|11186|11195|11206|0|11210|11211|11226|11227|11228|11229|12810|12819|12840|12841|12854|12853|12916|12915|12952|12959|12962|12967|12986|13687|13688|13701|13728|13733|13740|13739|13738|13837|13836|203|204|213|214|223|222|517|516|515|526|0|538|537|592|593|622|621|620|643|644|2329|2330|2331|2332|2351|2356|2355|2362|0|2386|2385|2382|2381|2370|2371|2372|2373|2374|2297|2296|2295|2294|2293|2292|2291|2290|2411|2416|2415|2420|2421|2422|2131|2130|2755|2756|0|0|0|0|0|0|0|0
0|0|0|0|0|0|0|11091|11092|11093|11094|11095|11132|11131|11102|11103|0|11107|11108|0|11112|11113|11114|11115|11116|11055|11052|11049|11002|11003|11004|11007|11030|11029|11028|11027|11026|11025|0|11167|11170|11181|11184|11185|11196|11205|11204|11213|11212|11225|11224|11223|11222|12811|12818|12817|12842|12843|12852|12917|12950|12951|12960|12961|12968|12985|13690|13689|13700|13729|13732|13741|13744|13745|13834|13835|0|205|212|215|216|221|518|521|522|525|540|539|590|591|0|623|624|641|642|2337|2336|2335|2334|2333|2350|2357|2358|2361|2388|2387|2384|2383|2380|2379|2378|2377|2376|2375|2402|2403|2404|2405|2406|2407|2408|2409|2410|2417|2418|2419|2424|2423|0|0|2754|2757|0|0|0|0|0|0|0|0
0|0|0|0|0|0|11089|11090|11085|11084|11083|11096|0|11100|11101|11104|11105|11106|11109|11110|11111|11060|11059|11058|11057|11056|11051|11050|11001|11000|10999|11008|11009|11010|11011|11012|11013|11024|11023|11168|11169|11182|11183|0|11197|11198|11203|11214|11215|11218|11219|11220|11221|12812|12815|12816|12845|12844|12851|12918|12949|12948|12947|12946|12969|12984|13691|13698|13699|13730|13731|13742|13743|13746|13833|13828|13827|206|211|210|217|220|519|520|523|524|541|542|589|628|627|626|625|640|639|2338|2339|2340|2341|2348|2349|0|2359|2360|2389|2390|2391|2392|2395|2396|2397|2398|2399|2400|2401|2446|2445|2444|2443|2442|2441|2440|2439|2438|2435|2434|2425|2426|2751|2752|2753|2758|2759|2760|0|0|0|0|0|0
0|0|0|0|0|0|11088|11087|11086|11081|11082|11097|11098|11099|11074|11073|11070|11069|11064|11063|11062|11061|10972|10973|10974|10975|10976|10979|10980|10981|10998|10997|10996|10995|10994|10993|11014|11015|11022|11021|11020|10937|10936|10935|10934|11199|11202|0|11216|11217|10912|10911|0|12813|12814|0|12846|12847|12850|12919|12920|12921|12944|12945|12970|12983|13692|13697|13696|13751|13750|13749|13748|13747|13832|13829|13826|207|208|209|218|219|548|547|546|545|544|543|588|629|632|633|636|637|638|2545|2544|2343|2342|2347|2534|2533|2532|2529|2528|2525|2524|2393|2394|2517|2516|2451|2450|2449|2448|2447|2460|2461|0|2465|2466|2469|2470|2437|2436|2433|2428|2427|2750|2749|2748|2763|2762|2761|0|0|0|0|0|0
0|0|0|0|0|0|0|0|0|11080|11079|11078|11077|11076|11075|11072|11071|11068|11065|10554|10555|0|10971|10970|10969|10968|10977|10978|10983|10982|10987|10988|10989|10990|10991|10992|0|11016|11017|11018|11019|10938|10931|10932|10933|11200|11201|10916|10915|10914|10913|10910|10909|10908|10907|10906|10905|12848|12849|0|12923|12922|12943|12942|12971|12982|13693|13694|13695|13752|13753|13754|13755|13756|13831|13830|13825|13824|13823|13822|551|550|549|558|559|562|563|586|587|630|631|634|635|2550|2549|2546|2543|2344|2345|2346|2535|2536|2531|2530|2527|2526|2523|2522|2519|2518|2515|2452|2453|2454|2457|2458|2459|2462|2463|2464|2467|2468|2471|2472|0|2432|2429|2742|2743|0|2747|2764|0|0|0|0|0|0|0|0
0|0|10488|10489|0|0|0|0|0|10511|10512|10513|10534|10535|10536|10537|10538|11067|11066|10553|10556|10963|10964|10965|10966|10967|10956|10955|10984|10985|10986|10949|10948|10947|10946|10945|10944|10943|10942|10941|10940|10939|10930|10927|10926|10923|10922|10917|10896|10897|10898|10899|10900|10901|10902|10903|10904|0|12926|12925|12924|12939|12940|12941|12972|12981|12980|0|0|0|13760|13759|13758|13757|13770|13771|13818|13819|13820|13821|552|555|556|557|560|561|564|585|584|2557|2556|2555|0|2551|2548|2547|2542|2541|2540|2539|2538|2537|2670|2671|2676|2677|0|2521|2520|0|2514|2511|2510|2455|2456|2489|2488|2487|2486|2485|2480|2479|2478|2473|2474|2431|2430|2741|2744|2745|2746|2765|2780|2781|0|0|0|0|0|0
0|0|10487|10490|10491|0|0|0|10509|10510|10515|10514|10533|10532|10531|10530|10539|10544|10545|10552|10557|10962|10961|10960|10959|10958|10957|10954|10953|10952|10951|10950|10713|10714|10715|10718|10719|10720|10721|10722|10723|10724|10929|10928|10925|10924|10921|10918|10895|10894|10893|10892|10891|10890|10889|10888|10887|10886|12927|12934|12935|12938|0|0|12973|12978|12979|0|0|0|13761|13762|13763|13768|13769|13772|13817|13816|13813|13812|553|554|569|568|567|566|565|582|583|2558|2559|2554|2553|2552|2647|2648|2649|2656|2657|2664|2665|2666|2669|2672|2675|2678|2681|2682|2685|2686|2513|2512|2509|2506|2505|2490|2491|2492|2493|2484|2481|0|2477|2476|2475|2736|2737|2740|2769|2768|2767|2766|2779|2782|2783|0|0|0|0|0
0|0|10486|10493|10492|10499|10500|0|10508|10507|10516|10519|10520|10525|10526|10529|10540|10543|10546|10551|10558|10563|10564|10569|10570|10571|10596|10597|10598|10599|10600|0|10712|10711|10716|10717|10704|10703|10700|10699|0|10725|10726|10729|10730|10731|10920|10919|10868|10869|10870|10879|10880|10881|10882|10883|10884|10885|12928|12933|12936|12937|0|0|12974|12977|0|0|0|0|0|0|13764|13767|0|13773|13774|13815|13814|13811|13810|0|570|571|572|573|574|581|2562|2561|2560|2567|2568|2569|2646|2651|2650|2655|2658|2663|0|2667|2668|2673|2674|2679|2680|2683|2684|2687|2690|2691|2508|2507|2504|2503|2496|2495|2494|2483|2482|2731|2732|2733|2734|2735|2738|2739|2770|2771|2774|2775|2778|2785|2784|2791|2792|0|0|0
10483|10484|10485|10494|0|10498|10501|0|10505|10506|10517|10518|10521|10524|10527|10528|10541|10542|10547|10550|10559|10562|10565|10568|10573|10572|10595|10594|10593|10592|10601|10604|10605|10710|10709|10708|10705|10702|10701|10698|10697|10696|10727|10728|0|10732|10865|10866|10867|10872|10871|10878|10877|10850|10849|10848|10847|10846|12929|12932|0|0|0|0|12975|12976|0|0|0|0|0|0|13765|13766|0|0|13775|13806|13807|13808|13809|0|2587|2586|0|576|575|580|2563|2564|2565|2566|0|2570|2645|2652|2653|2654|2659|2662|2963|2962|2961|2960|2959|2958|2957|2704|2703|2688|2689|2692|2693|2694|2695|2502|2497|2498|2721|2722|2729|2730|2833|2832|2831|2828|2827|2824|2823|2772|2773|2776|2777|2786|0|2790|2793|2794|0|0
10482|10481|10480|10495|10496|10497|10502|10503|10504|10459|10458|10457|10522|10523|10444|10443|10440|10439|10548|10549|10560|10561|10566|10567|10574|10575|10576|10577|10590|10591|10602|10603|10606|10611|10612|10707|10706|10681|10682|10683|10684|10695|10694|10693|10692|10733|10864|10861|10860|10873|10874|10875|10876|10851|10842|10843|10844|10845|12930|12931|0|0|0|0|0|0|0|0|0|0|0|0|0|0|0|13777|13776|13805|13802|13801|13800|2589|2588|2585|2584|577|578|579|2576|2575|2574|2573|2572|2571|2644|2643|2642|0|2660|2661|2964|2965|2966|2967|2968|2969|2956|2705|2702|2701|2700|2699|2698|2697|2696|2501|2500|2499|2720|2723|2728|2727|2834|0|2830|2829|2826|2825|2822|2819|2818|2813|2812|2787|2788|2789|2796|2795|0|0
0|10478|10479|10472|10471|10468|10467|10464|10463|10460|10455|10456|10449|10448|10445|10442|10441|10438|10437|10434|10433|10432|10431|10428|10427|10426|10425|10578|10589|10588|10587|10586|10607|10610|10613|10672|10673|10680|10679|10678|10685|10688|10689|10690|10691|10734|10863|10862|10859|10856|10855|10854|10853|10852|10841|10840|10839|0|0|0|0|0|0|0|0|0|0|0|0|0|0|0|0|0|0|13778|13779|13804|13803|13798|13799|2590|2593|2594|2583|2582|2579|2578|2577|2604|2605|2626|2627|2628|2637|2638|2641|2980|2979|2976|2975|2974|2973|2972|2971|2970|2955|2706|2707|2708|2709|2710|2713|2714|2715|2716|2717|2718|2719|2724|2725|2726|2835|2836|2837|2838|2839|0|2821|2820|2817|2814|2811|2810|2807|2806|2797|2798|2799|0
0|10477|10476|10473|10470|10469|10466|10465|10462|10461|10454|10453|10450|10447|10446|0|10406|10407|10436|10435|10412|10413|10430|10429|10422|10423|10424|10579|10580|10581|10584|10585|10608|10609|10614|10671|10674|10675|10676|10677|10686|10687|10662|10661|10660|10735|10740|10741|10858|10857|10828|10829|10832|10833|10836|10837|10838|0|0|0|0|0|0|0|0|0|0|0|0|0|0|0|0|0|13782|13781|13780|13789|13790|13797|13796|2591|2592|2595|2596|2581|2580|2601|2602|2603|2606|2625|2630|2629|2636|2639|2640|2981|2978|2977|2994|2995|3000|3001|3002|3003|2954|2953|2952|2949|2948|2711|2712|2937|2936|2897|2896|2895|2892|2891|2888|2887|2854|2853|2850|2849|2840|2841|2842|2843|2816|2815|0|2809|2808|2805|2804|2801|2800|0
0|0|10475|10474|10389|10390|10391|10392|10393|10394|0|10452|10451|10400|10401|10404|10405|10408|10409|10410|10411|10414|10415|10416|10421|10420|10295|10294|10293|10582|10583|10276|10275|10274|10615|10670|10669|10668|10667|10666|10665|10664|10663|10658|10659|10736|10739|10742|10743|10826|10827|10830|10831|10834|10835|10818|10817|0|10813|10812|0|0|0|0|0|0|0|0|0|0|0|0|0|0|13783|13784|13785|13788|13791|13794|13795|0|0|0|2597|2598|2599|2600|0|2608|2607|2624|2631|2632|2635|2984|2983|2982|2989|2990|2993|2996|2999|3006|3005|3004|3011|3012|2951|2950|2947|2942|2941|2938|2935|2898|2899|2894|2893|2890|2889|2886|2855|2852|2851|2848|2847|2846|2845|2844|0|0|0|0|0|0|2803|2802|0|0
0|0|0|0|10388|10387|10386|10377|10376|10395|10396|10397|10398|10399|10402|10403|10340|10339|10326|10325|10324|10321|10320|10417|10418|10419|10296|0|10292|10279|10278|10277|0|10273|10616|10617|10618|10619|10620|10623|10624|10625|10656|10657|0|10737|10738|10745|10744|10825|10824|10823|10822|10821|10820|10819|10816|10815|10814|10811|10810|10809|0|0|0|0|0|0|0|0|0|0|0|0|0|0|13786|13787|13792|13793|0|0|0|3097|3096|2613|2612|2611|2610|2609|2622|2623|0|2633|2634|2985|2986|2987|2988|2991|2992|2997|2998|3007|3008|3009|3010|3013|3014|3015|2946|2943|2940|2939|2934|2933|2900|2901|2902|2903|2904|2885|2856|2857|2858|2859|2862|2863|2864|2865|0|0|0|0|0|0|0|0|0|0
0|0|0|0|0|0|10385|10378|10375|10372|10371|10370|10369|10366|10365|10342|10341|10338|10327|0|10323|10322|10319|10318|10299|10298|10297|10290|10291|10280|10269|10270|10271|10272|10263|10262|10259|10258|10621|10622|10627|10626|10655|10654|10653|10650|10649|10746|10747|10752|10753|10778|10779|10780|10781|10782|10783|10784|10805|10806|10807|10808|0|0|0|0|0|0|0|0|0|0|0|0|0|0|0|0|0|0|0|0|3099|3098|3095|2614|2615|2616|2617|2620|2621|0|3065|3064|3063|3062|3061|3060|3053|3052|3051|3040|3039|3038|3037|3020|3019|3018|3017|3016|2945|2944|2929|2930|2931|2932|2909|2908|2907|2906|2905|2884|2883|2880|2879|2860|2861|2868|2867|2866|0|0|0|0|0|0|0|0|0|0
0|0|0|0|0|10383|10384|10379|10374|10373|10358|10359|10368|10367|10364|10343|10336|10337|10328|10313|10314|10315|10316|10317|10300|10287|10288|10289|10282|10281|10268|10267|10266|10265|10264|10261|10260|10257|10256|0|10628|10629|10630|10631|10652|10651|10648|0|10748|10751|10754|10777|10776|10775|10774|10787|10786|10785|10804|10803|10802|10801|0|0|0|0|0|0|0|0|0|0|0|0|0|0|0|0|0|0|0|0|3100|3101|3094|3091|3090|0|2618|2619|3082|3081|3066|3067|3068|3069|3070|3059|3054|3055|3050|3041|3042|3043|3036|3021|3022|3023|3024|3025|3366|3367|2928|2927|2926|2925|2910|2911|2914|2915|0|0|2882|2881|2878|2871|2870|2869|0|0|0|0|0|0|0|0|0|0|0|0
0|0|0|0|0|10382|10381|10380|0|10356|10357|10360|10361|10362|10363|10344|10335|10334|10329|10312|10311|10304|10303|10302|10301|10286|10285|10284|10283|10226|10227|10228|10229|10230|10231|10234|10235|10236|10255|10254|10253|10252|10251|10632|10635|10636|10647|10646|10749|10750|10755|10760|10761|10772|10773|10788|10789|10794|10795|10796|10797|10800|0|0|0|0|0|0|0|0|0|0|0|0|0|0|0|0|0|0|0|0|0|3102|3093|3092|3089|3088|3087|3086|3083|3080|3077|3076|3073|3072|3071|3058|3057|3056|3049|3048|3047|3044|3035|3032|3031|3030|3027|3026|3365|3368|3369|3370|3371|2924|2923|2912|2913|2916|2917|3424|3425|3426|2877|2872|2873|0|0|0|0|0|0|0|0|0|0|0|0|0
0|0|0|0|0|0|0|0|0|10355|10354|10353|10350|10349|10346|10345|0|10333|10330|10309|10310|10305|10216|10217|10218|10219|10220|10223|10224|10225|10192|10191|10188|10187|10232|10233|0|10237|10244|10245|10246|10249|10250|10633|10634|10637|10638|10645|10644|10643|10756|10759|10762|10771|0|0|10790|10793|0|0|10798|10799|0|0|0|0|0|0|0|0|0|0|0|0|0|0|0|0|0|0|0|0|0|3103|3104|3105|3106|3109|3110|3085|3084|3079|3078|3075|3074|3171|3172|3173|3176|3177|3178|3179|3046|3045|3034|3033|0|3029|3028|3363|3364|3377|3376|3373|3372|0|2922|2921|2920|2919|2918|3423|3428|3427|2876|2875|2874|0|0|0|0|0|0|0|0|0|0|0|0|0
0|0|9959|9960|0|0|9973|9974|0|10018|10019|10352|10351|10348|10347|10028|10029|10332|10331|10308|10307|10306|10215|10214|10213|10212|10221|10222|10201|10200|10193|10190|10189|10186|10185|10184|10183|10238|10243|10242|10247|10248|10153|10152|10151|10150|10639|10640|10641|10642|10757|10758|10763|10770|10769|10768|10791|10792|0|0|0|0|0|0|0|0|0|0|0|0|0|0|0|0|0|0|0|0|0|0|3131|3130|3127|3126|3123|3122|3107|3108|3111|3112|3113|3166|3167|3168|3169|3170|0|3174|3175|3196|3195|3180|3181|3182|3183|3184|3185|3186|3361|3362|3379|3378|3375|3374|3405|3406|3407|3412|3413|3418|3419|3422|3429|3432|3433|3434|3435|3436|0|0|0|0|0|0|0|0|0|0|0|0
0|0|9958|9961|0|0|9972|9975|10016|10017|10020|10021|10022|10023|10024|10027|10030|0|10034|10035|0|10045|10046|10051|10052|10211|10208|10207|10202|10199|10194|10177|10178|10179|10180|10181|10182|10239|10240|10241|10156|10155|10154|10141|10142|10149|10148|10147|9562|9561|9558|9557|10764|10765|10766|10767|0|0|0|0|0|0|0|0|0|0|0|0|0|0|0|0|0|0|0|0|0|0|0|0|3132|3129|3128|3125|3124|3121|3120|3117|3116|3115|3114|3165|3236|3235|3234|3233|3200|3199|3198|3197|3194|3193|3192|3191|3190|3189|3188|3187|3360|3381|3380|3385|3386|0|3404|3403|3408|3411|3414|3417|3420|3421|3430|3431|3446|3445|3444|3437|3438|0|0|0|0|0|0|0|0|0|0|0
0|9956|9957|9962|9963|9970|9971|9976|10015|10014|10013|10010|10009|10008|10025|10026|10031|10032|10033|10036|10037|10044|10047|10050|10053|10210|10209|10206|10203|10198|10195|10176|10175|10174|10173|10172|10169|10168|10165|10164|10157|10158|10139|10140|10143|10144|10145|10146|9563|9560|9559|9556|9533|9532|9529|9528|9525|9524|0|0|0|0|0|0|0|0|0|0|0|0|0|0|0|0|0|0|0|0|0|0|3133|3134|3135|3136|3141|3142|3119|3118|3157|3158|3163|3164|3237|3238|3239|3232|3201|3202|3203|3204|3205|3206|3207|3208|3211|3212|3213|3214|3359|3382|3383|3384|3387|3388|3401|3402|3409|3410|3415|3416|3459|3458|3457|3456|3447|3448|3443|3442|3439|0|0|0|0|0|0|0|0|0|0|0
0|9955|9954|9953|9964|9969|9968|9977|9980|9981|10012|10011|10006|10007|10002|10001|10000|9999|9998|9997|10038|10043|10048|10049|10054|10055|10056|10205|10204|10197|10196|10089|10090|10093|10094|10171|10170|10167|10166|10163|10162|10159|10138|10135|10134|9567|9566|9565|9564|9553|9554|9555|9534|9531|9530|9527|9526|9523|9522|0|0|0|0|0|0|0|0|0|0|0|0|0|0|0|0|0|0|0|0|0|0|0|0|3137|3140|3143|3144|3155|3156|3159|3162|3243|3242|3241|3240|3231|3230|3229|3228|3227|3226|3223|3222|3209|3210|3217|3216|3215|3358|3393|3392|3391|3390|3389|3400|3465|3464|3463|3462|3461|3460|3551|3552|3455|3454|3449|3450|3441|3440|0|0|0|0|0|0|0|0|0|0|0
0|9950|9951|9952|9965|9966|9967|9978|9979|9982|9983|0|10005|10004|10003|9990|9991|9994|9995|9996|10039|10042|9869|9868|9867|9866|10057|10058|10059|10062|10063|10088|10091|10092|10095|10098|10099|10116|10117|10118|10161|10160|10137|10136|10133|9568|9547|9548|9551|9552|0|9536|9535|9514|9515|9516|9519|9520|9521|0|0|0|0|0|0|0|0|0|0|0|0|0|0|0|0|0|0|0|0|0|0|0|0|3138|3139|3146|3145|3154|0|3160|3161|3244|3245|3246|3247|3248|3267|3268|3269|3270|3225|3224|3221|3220|3219|3218|3351|3352|3357|3394|3395|3396|3397|3398|3399|3466|3467|3468|3469|3544|3545|3550|3553|3554|3453|3452|3451|0|3567|3568|3573|3574|0|0|0|0|0|0|0|0
0|9949|9948|9943|9942|9941|9924|9923|9920|9919|9984|9985|9986|9987|9988|9989|9992|9993|9884|9883|10040|10041|9870|9871|0|9865|9864|9863|10060|10061|10064|10087|10086|10085|10096|10097|10100|10115|10114|10119|10120|10123|10124|10131|10132|9569|9546|9549|9550|9541|9540|9537|9512|9513|0|9517|9518|0|0|0|0|0|0|0|0|0|0|0|0|0|0|0|0|0|0|0|0|0|0|0|0|0|0|0|0|3147|3148|3153|3152|3255|3254|3253|3252|3251|3250|3249|3266|3273|3272|3271|3338|3339|3342|3343|3346|3347|3350|3353|3356|3485|3484|3483|3480|3479|3476|3475|3472|3471|3470|3543|3546|3549|3556|3555|0|3561|3562|0|3566|3569|3572|3575|0|0|0|0|0|0|0|0
0|0|9947|9944|9939|9940|9925|9922|9921|9918|9909|9908|9899|9898|9897|9896|9889|9888|9885|9882|9877|9876|9875|9872|9851|9852|9853|9862|9861|9860|10065|10070|10071|10084|10083|10082|10101|10102|10113|0|10121|10122|10125|10130|10129|9570|9545|9544|9543|9542|9539|9538|9511|9510|9509|0|7415|7414|7413|0|0|0|0|0|0|0|0|0|0|0|0|0|0|0|0|0|0|0|0|0|0|0|0|0|0|0|3149|3150|3151|3256|3259|3260|3261|3262|3263|3264|3265|3274|3275|3276|3337|3340|3341|3344|3345|3348|3349|3354|3355|3486|3487|3482|3481|3478|3477|3474|3473|3540|3541|3542|3547|3548|3557|3558|3559|3560|3563|3564|3565|3570|3571|3576|3577|0|0|0|0|0|0|0
0|0|9946|9945|9938|9937|9926|0|9916|9917|9910|9907|9900|9901|9894|9895|9890|9887|9886|9881|9878|0|9874|9873|9850|9849|9854|9855|9856|9859|10066|10069|10072|10075|10076|10081|10080|10103|10112|10111|10110|0|10126|10127|10128|9571|9496|9497|9498|9499|9500|9501|9506|9507|9508|0|7416|7417|7412|7411|7410|0|0|0|0|0|0|0|0|0|0|0|0|0|0|0|0|0|0|0|0|3301|3300|3299|0|3295|3294|3291|3290|3257|3258|3285|3284|3283|3282|3281|3280|3279|3278|3277|3336|3509|3508|3507|3506|3505|3504|3501|3500|3499|3488|3489|3490|3491|3532|3533|0|3539|3606|3605|3604|3603|3602|3601|3598|3597|3594|3593|3590|3589|3584|3583|3578|3579|0|0|0|0|0|0
0|0|0|0|9935|9936|9927|9928|9915|9914|9911|9906|9905|9902|9893|9892|9891|9784|9785|9880|9879|9844|9845|9846|9847|9848|9837|9836|9857|9858|10067|10068|10073|10074|10077|10078|10079|10104|10105|10106|10109|9580|9579|9578|9573|9572|9495|9494|9493|9492|9491|9502|9505|0|0|0|0|7418|7419|7408|7409|0|0|0|0|0|0|0|0|0|0|0|0|0|0|0|0|0|0|0|0|3302|3303|3298|3297|3296|3293|3292|3289|3288|3287|3286|3317|3318|3323|3324|3327|3328|3331|3332|3335|3510|3513|3514|3515|3516|3503|3502|0|3498|3495|3494|3493|3492|3531|3534|3537|3538|3607|3608|3609|3610|3611|3600|3599|3596|3595|3592|3591|3588|3585|3582|3581|3580|0|0|0|0|0|0
0|0|0|0|9934|9931|9930|9929|0|9913|9912|0|9904|9903|0|9779|9780|9783|9786|9787|0|9843|9842|9841|9840|9839|9838|9835|9834|9833|9832|9831|9830|9829|9828|9827|9824|9823|0|10107|10108|9581|9582|9577|9574|9485|9486|9487|9488|9489|9490|9503|9504|0|7426|7425|7424|7421|7420|7407|0|7373|7372|0|0|0|0|0|0|0|0|0|0|0|0|0|0|0|0|0|6136|6135|3304|3307|3308|3309|3310|3311|3312|3313|3314|3315|3316|3319|3322|3325|3326|3329|3330|3333|3334|3511|3512|3791|3790|3517|3518|3519|3520|3497|3496|3527|3528|3529|3530|3535|3536|3673|3672|3669|3668|3667|3612|3613|3618|3619|3620|0|0|3587|3586|0|0|0|0|0|0|0|0|0
0|0|0|0|9933|9932|9755|9756|0|9760|9761|9764|9765|9768|9769|9778|9781|9782|9789|9788|9793|9794|9797|9798|9801|9802|9805|9806|9809|9810|9811|9812|9813|9814|0|9826|9825|9822|9821|9590|9589|9584|9583|9576|9575|9484|9483|9482|9481|9478|9477|9476|7485|7484|7427|7428|7423|7422|7405|7406|7375|7374|7371|7368|7367|0|0|0|6561|6560|6557|6556|0|6550|6549|0|0|0|0|0|6137|6134|3305|3306|0|4048|4047|4046|4045|0|4027|4026|0|3320|3321|3972|3971|3970|0|3798|3797|3794|3793|3792|3789|3788|3787|3786|3521|3522|0|3526|3679|3678|3677|3676|3675|3674|3671|3670|0|3666|3665|3614|3617|3622|3621|0|0|0|0|0|0|0|0|0|0|0|0|0
0|0|0|0|0|0|9754|9757|9758|9759|9762|9763|9766|9767|9770|9777|9776|9775|9790|9791|9792|9795|9796|9799|9800|9803|9804|9807|9808|9609|9608|9607|9606|9815|9816|9817|9818|9819|9820|9591|9588|9585|9456|9457|9458|9459|9462|9463|9480|9479|9474|9475|7486|7483|0|7429|7402|7403|7404|0|7376|7377|7370|7369|7366|0|0|0|6562|6559|6558|6555|6554|6551|6548|6547|0|0|6142|6141|6138|6133|6124|6123|6122|4049|4052|4053|4044|4029|4028|4025|3984|3983|0|3973|3974|3969|3800|3799|3796|3795|3816|3817|3820|3821|0|3785|3784|3523|3524|3525|3680|3681|3682|3683|3696|3697|3704|3705|3706|3707|3664|3615|3616|3623|3624|0|0|0|0|0|0|0|0|0|0|0|0|0
0|0|0|0|0|0|9753|9752|9751|9750|9749|9748|9747|9746|9771|9772|9773|9774|9679|9678|9673|9672|9669|9668|9667|9666|9621|9620|9611|9610|9603|9604|9605|9598|9597|9596|9595|9594|9593|9592|9587|9586|9455|9454|9453|9460|9461|9464|9467|9468|9473|9472|7487|7482|7481|7430|7401|7400|7399|7398|0|7378|7363|7364|7365|0|0|0|6563|6564|6565|6566|6553|6552|6545|6546|0|0|6143|6140|6139|6132|6125|6126|6121|4050|4051|4054|4043|4030|4031|4024|3985|3982|3979|3978|3975|3968|3801|3802|3803|3804|3815|3818|3819|3822|3823|0|3783|3782|3781|3688|3687|3686|3685|3684|3695|3698|3703|3702|3709|3708|3663|3662|3661|3660|3625|3626|3629|3630|3631|0|0|0|0|0|0|0|0|0
0|0|0|0|0|0|0|0|0|9741|9742|9743|9744|9745|9726|9725|9686|9685|9680|9677|9674|9671|9670|9663|9664|9665|9622|9619|9612|0|9602|9601|9600|9599|9394|9395|9396|9397|9398|9399|9400|9425|9426|9427|9452|9451|9450|9465|9466|9469|9470|9471|7488|7479|7480|7431|7394|7395|7396|7397|7380|7379|7362|7361|7360|7359|6602|6601|0|6571|6570|6567|6538|6539|6544|6543|0|0|6144|6145|6146|6131|6130|6127|6120|6119|0|4055|4042|4033|4032|4023|3986|3981|3980|3977|3976|3967|3966|0|3806|3805|3814|3827|3826|3825|3824|3833|3834|0|3780|3689|3690|3691|3692|3693|3694|3699|3700|3701|3710|3711|0|3715|3716|3659|3658|3627|3628|3633|3632|0|0|0|0|0|0|0|0|0
0|0|0|0|0|0|0|0|9739|9740|9733|9732|9729|9728|9727|9724|9687|9684|9681|9676|9675|9660|9661|9662|9631|9630|9623|9618|9613|9614|9375|9376|9377|9378|9393|9392|9391|9390|9389|9388|9401|9424|9423|9428|9431|9432|9449|9448|9447|9446|7493|7492|7489|7478|7477|7432|7393|7392|0|7382|7381|7354|7355|7356|7357|7358|6603|6600|6573|6572|6569|6568|6537|6540|6541|6542|6175|6174|6171|6170|6147|6148|6129|6128|6117|6118|4057|4056|4041|4034|4035|4022|3987|3988|3995|3996|3997|3998|3965|3808|3807|3812|3813|3828|3829|3830|3831|3832|3835|3836|3779|3778|3777|3770|3769|3760|3759|3758|3757|3742|3741|3712|3713|3714|3717|3718|3657|3652|3651|3634|3635|3636|3637|0|0|0|0|0|0|0
0|0|0|0|0|0|0|0|9738|9735|9734|9731|9730|9721|9722|9723|9688|9683|9682|9653|9654|9659|9658|9633|9632|9629|9624|9617|9616|9615|9374|9373|9372|9379|9380|9381|9382|9383|9386|9387|9402|9421|9422|9429|9430|9433|9442|9443|9444|9445|7494|7491|7490|7475|7476|7433|7434|7391|7384|7383|7352|7353|0|7343|7342|7341|6604|6599|6574|6575|6576|6577|6536|6535|6516|6515|6176|6173|6172|6169|6168|6149|6150|6151|6116|6115|4058|4059|4040|4039|4036|4021|3990|3989|3994|4001|4000|3999|3964|3809|3810|3811|0|3855|3854|3851|3850|3847|3846|3837|3838|3839|3776|3771|3768|3761|3762|3755|3756|3743|3740|3739|3724|3723|3720|3719|3656|3653|3650|3641|3640|3639|3638|0|0|0|0|0|0|0
0|0|0|0|0|0|0|0|9737|9736|9715|9716|9719|9720|9693|9692|9689|9650|9651|9652|9655|9656|9657|9634|9635|9628|9625|9364|9365|9366|9369|9370|9371|9354|9353|9352|0|9384|9385|0|9403|9420|9419|9418|9417|9434|9441|9440|9439|0|7495|7472|7473|7474|0|7436|7435|7390|7385|7386|7351|7348|7347|7344|7339|7340|6605|6598|6593|6592|6579|6578|6533|6534|6517|6514|6177|6178|6179|6180|6167|6166|0|6152|6113|6114|0|4060|4061|4038|4037|4020|3991|3992|3993|4002|4003|4004|3963|3962|3961|0|3857|3856|3853|3852|3849|3848|3845|3844|3841|3840|3775|3772|3767|3764|3763|3754|3753|3744|3745|3738|3725|3722|3721|0|3655|3654|3649|3642|3643|3644|0|0|0|0|0|0|0|0
0|0|0|0|0|0|9708|9709|9710|9713|9714|9717|9718|9695|9694|9691|9690|9649|9644|9643|9640|9639|9638|9637|9636|9627|9626|9363|9362|9367|9368|9357|9356|9355|0|9351|9350|9349|9348|9347|9404|9413|9414|9415|9416|9435|9436|9437|9438|7497|7496|7471|7470|7469|7468|7437|7438|7389|7388|7387|7350|7349|7346|7345|7338|6607|6606|6597|6594|6591|6580|6581|6532|6519|6518|6513|6500|6499|0|6181|6182|6165|6154|6153|6112|4071|4070|0|4062|4063|4064|4019|4016|4015|0|4011|4010|4005|3958|3959|3960|3859|3858|3865|3866|3867|3868|3877|3878|3843|3842|0|3774|3773|3766|3765|0|3751|3752|3747|3746|3737|3726|3727|3728|3729|3730|0|3648|3647|3646|3645|0|0|0|0|0|0|0|0
0|0|0|0|0|0|9707|9706|9711|9712|9701|9700|9697|9696|9263|9264|9265|9648|9645|9642|9641|9276|9277|9282|9283|9298|9299|9300|9361|9360|9359|9358|9335|9336|9337|9338|9339|9340|9341|9346|9405|9412|9411|9410|9125|9124|9121|9120|7499|7498|7463|7464|7465|7466|7467|7440|7439|7330|7331|7332|7333|7334|7335|7336|7337|6608|6609|6596|6595|6590|6583|6582|6531|6520|6511|6512|6501|6498|6185|6184|6183|6164|6155|6156|6111|4072|4069|4068|4067|4066|4065|4018|4017|4014|4013|4012|4009|4006|3957|3956|0|3860|3861|3864|3871|3870|3869|3876|3879|3880|3881|3882|3883|3884|3885|3886|3887|3750|3749|3748|0|3736|3735|3734|3733|3732|3731|4284|4285|4290|4291|4294|4295|0|0|0|0|0|0|0
0|0|0|0|0|0|0|9705|9704|9703|9702|9699|9698|0|9262|9261|9266|9647|9646|9271|9272|9275|9278|9281|9284|9297|9296|9301|9302|9303|9304|0|9334|9333|9332|9331|9330|9329|9342|9345|9406|9407|9408|9409|9126|9123|9122|9119|7500|7501|7462|7461|7460|7459|7442|7441|7328|7329|7302|7301|6842|6841|6840|0|6824|6823|6610|6611|6612|6589|6584|6585|6530|6521|6510|6509|6502|6497|6186|6187|6188|6163|0|6157|6110|4073|4074|4075|4076|4077|4078|4079|4080|4081|4082|4083|4008|4007|3954|3955|3950|3949|3862|3863|3872|3873|3874|3875|3896|3895|3894|3893|3892|3891|3890|3889|3888|4207|4208|4209|4210|4211|4258|4259|0|4263|4264|4283|4286|4289|4292|4293|4296|0|0|0|0|0|0|0
0|0|0|0|0|0|0|0|0|0|0|0|9257|9258|9259|9260|9267|9268|9269|9270|9273|9274|9279|9280|9285|9286|9295|9294|9293|9292|9305|9310|9311|9324|9325|9326|9327|9328|9343|9344|9145|9144|9137|9136|9127|9128|9117|9118|0|7502|7455|7456|7457|7458|7443|7326|7327|7304|7303|7300|6843|6838|6839|6826|6825|6822|6783|6782|6613|6588|6587|6586|6529|6522|6507|6508|6503|6496|6191|6190|6189|6162|6159|6158|6109|6096|6095|6094|6093|4090|4089|4088|4087|4086|4085|4084|4119|4120|3953|3952|3951|3948|3947|3946|3901|3900|3899|3898|3897|0|3913|3914|3915|3916|3917|3918|3919|4206|4215|4214|4213|4212|4257|4260|4261|4262|4265|4282|4287|4288|4299|4298|4297|0|0|0|0|0|0|0
0|0|0|0|0|0|0|0|0|0|0|0|9256|9255|9252|9251|9250|9249|9248|9247|9246|9199|9198|9193|9192|9287|9288|9289|9290|9291|9306|9309|9312|9323|9322|9321|9320|9319|9152|9151|9146|9143|9138|9135|9130|9129|9116|9115|7504|7503|7454|7453|7448|7447|7444|7325|7306|7305|7298|7299|6844|6837|6836|6827|6820|6821|6784|6781|6614|6615|6616|6617|6528|6523|6506|6505|6504|6495|6192|6195|6196|6161|6160|6107|6108|6097|6090|6091|6092|4091|4092|4093|4110|4111|4114|4115|4118|4121|4162|4163|4164|4169|4170|3945|3902|3903|3904|3905|3908|3909|3912|3927|3926|3925|3924|3923|3920|4205|4216|4217|4218|4255|4256|4269|4268|4267|4266|4281|4302|4301|4300|0|0|0|0|0|0|0|0|0
0|0|0|0|0|0|0|0|0|0|0|0|0|9254|9253|0|9241|9242|9243|9244|9245|9200|9197|9194|9191|9178|9177|9176|9175|9174|9307|9308|9313|9314|9315|9316|9317|9318|9153|9150|9147|9142|9139|9134|9131|9112|9113|9114|7505|7506|7507|7452|7449|7446|7445|7324|7307|7308|7297|7296|6845|6834|6835|6828|6819|6818|6785|6780|0|6646|6645|6618|6527|6524|6491|6492|6493|6494|6193|6194|6197|6198|6199|6106|6099|6098|6089|6088|4099|4098|0|4094|4109|4112|4113|4116|4117|4122|4161|0|4165|4168|4171|3944|3943|3942|3941|3906|3907|3910|3911|3928|3929|3930|3931|3922|3921|4204|4221|4220|4219|4254|4271|4270|4275|4276|0|4280|4303|4306|4307|0|0|0|0|0|0|0|0|0
0|0|0|0|0|0|0|0|0|0|9224|9225|9226|0|9230|9231|9240|9239|9238|9237|9202|9201|9196|9195|9190|9179|9170|9171|9172|9173|9162|9161|9160|9159|9158|9157|9156|9155|9154|9149|9148|9141|9140|9133|9132|9111|9110|9109|7510|7509|7508|7451|7450|7321|7322|7323|7310|7309|7294|7295|6846|6833|6832|6829|6816|6817|6786|6779|6648|6647|6644|6619|6526|6525|6490|6489|6488|6471|6470|6203|6202|6201|6200|6105|6100|6101|6086|6087|4100|4097|4096|4095|4108|4127|4126|4125|4124|4123|4160|4159|4166|4167|4172|4173|4176|4177|3940|3939|3938|3937|3936|3935|3934|3933|3932|4197|4198|4203|4222|4251|4252|4253|4272|4273|4274|4277|4278|4279|4304|4305|4308|4309|0|0|0|0|0|0|0|0
0|0|0|0|0|8874|8875|0|0|0|9223|9222|9227|9228|9229|9232|9233|9234|9235|9236|9203|9186|9187|9188|9189|9180|9169|9168|9167|9164|9163|9076|9077|9078|9079|9080|9081|9082|9083|9084|9087|9088|9091|9092|9103|9104|9107|9108|7511|7512|7513|7514|7515|7320|7315|7314|7311|7292|7293|0|6847|6848|6831|6830|6815|6788|6787|6778|6649|6650|6643|6620|6621|6484|6485|6486|6487|6472|6469|6204|6211|6212|6213|6104|6103|6102|6085|6084|4101|4102|4105|4106|4107|4128|4129|4150|4151|4154|4155|4158|4799|4798|4797|4174|4175|4178|4179|4180|4183|4184|0|4188|4189|4192|4193|4196|4199|4202|4223|4250|4367|4366|4363|4362|4359|4358|4327|4326|4325|4324|4323|4310|4311|0|0|0|0|0|0|0
0|0|0|0|0|8873|8876|8877|8880|8881|0|9221|9220|9219|9218|9217|9214|9213|9210|9209|9204|9185|9184|9183|9182|9181|9060|9061|9166|9165|0|9075|9074|9073|9072|9071|0|9021|9020|9085|9086|9089|9090|9093|9102|9105|9106|7537|7536|7533|7532|7517|7516|7319|7316|7313|7312|7291|7290|6857|6856|6849|6812|6813|6814|6789|6790|6777|6776|6651|6642|6623|6622|6483|0|6477|6476|6473|6468|6205|6210|6215|6214|6079|6080|6081|6082|6083|0|4103|4104|4133|4132|4131|4130|4149|4152|4153|4156|4157|4800|4801|4796|4795|4794|4793|4792|4181|4182|4185|4186|4187|4190|4191|4194|4195|4200|4201|4224|4249|4368|4365|4364|4361|4360|4357|4328|4329|4330|4331|4322|4321|4312|4313|0|0|0|0|0|0
0|0|0|0|0|8872|8871|8878|8879|8882|8883|8884|8885|8886|8887|9216|9215|9212|9211|9208|9205|9054|9055|9056|9057|9058|9059|9062|9063|9064|9065|9066|9067|9068|9069|9070|9023|9022|9019|9018|9017|9016|9095|9094|9101|7540|7539|7538|7535|7534|7531|7518|7519|7318|7317|7284|7285|7288|7289|6858|6855|6850|6811|6810|0|6792|6791|6774|6775|6652|6641|6624|6625|6482|6479|6478|6475|6474|6467|6206|6209|6216|6217|6078|6075|6074|6073|6072|5937|5936|0|4134|4137|4138|4139|4148|4807|4806|4805|4804|4803|4802|4823|4824|4827|4828|4791|4790|4789|4784|4783|4232|4231|4230|4229|4228|4227|4226|4225|4248|4369|4370|4371|4372|4373|4356|4353|4352|4333|4332|0|4320|4319|4314|4315|0|0|0|0|0
0|0|0|0|0|0|8870|8869|8868|8867|8866|8861|8860|8859|8888|8889|0|8893|8894|9207|9206|9053|9052|9051|9050|9047|9046|9043|9042|9037|9036|9031|9030|9029|9028|9027|9024|9011|9012|9013|9014|9015|9096|9097|9100|7541|7542|7543|7544|7545|7530|7529|7520|7281|7282|7283|7286|7287|0|6859|6854|6851|6808|6809|6794|6793|6772|6773|0|6653|6640|6639|6626|6481|6480|6463|6464|6465|6466|6207|6208|6219|6218|6077|6076|6069|6070|6071|5938|5935|5934|4135|4136|4141|4140|4147|4808|4809|4812|4813|4818|4819|4822|4825|4826|4829|4830|4831|4788|4785|4782|4233|4234|4237|4238|4241|4242|0|4246|4247|4382|4381|4378|4377|4374|4355|4354|4351|4334|4335|4338|4339|4318|4317|4316|0|0|0|0|0
0|0|0|0|0|0|0|0|0|0|8865|8862|0|8858|8857|8890|8891|8892|8895|8896|8897|8902|8903|0|9049|9048|9045|9044|9041|9038|9035|9032|8977|8978|8979|9026|9025|9010|9009|9008|9007|9006|9005|9098|9099|7804|7803|7802|0|7546|7547|7528|7521|7280|7279|7274|7273|7272|6861|6860|6853|6852|6807|0|6795|6770|6771|6662|6661|6654|6655|6638|6627|6460|6461|6462|6233|6232|6231|0|6221|6220|6063|6064|6067|6068|5943|5942|5939|5932|5933|5594|5593|4142|4145|4146|0|4810|4811|4814|4817|4820|4821|4848|4847|4844|4843|4832|4787|4786|4781|4780|4235|4236|4239|4240|4243|4244|4245|4384|4383|4380|4379|4376|4375|4414|4415|4350|4349|4336|4337|4340|4341|4342|4487|4488|4489|0|0|0
0|0|0|0|0|0|0|0|0|0|8864|8863|8840|8841|8856|8855|8854|8853|8852|8851|8898|8901|8904|8907|8908|8911|8912|0|9040|9039|9034|9033|8976|8975|8980|8983|8984|8985|9000|9001|9002|9003|9004|7817|7816|7805|7806|7801|7550|7549|7548|7527|7522|7523|7278|7275|7270|7271|6862|6863|6864|6865|6806|6805|6796|6769|6768|6663|6660|6659|6656|6637|6628|6459|6456|6455|6234|6235|6230|6223|6222|6061|6062|6065|6066|5945|5944|5941|5940|5931|5596|5595|5592|4143|4144|5547|5546|5335|5334|4815|4816|4851|4850|4849|4846|4845|4842|4833|4834|4835|4778|4779|4768|4767|4766|4751|4750|4747|4746|4385|4386|4387|0|4411|4412|4413|4416|4417|4348|4347|4346|4345|4344|4343|4486|4485|4490|4491|4492|0
0|0|0|0|0|0|0|0|0|0|0|8838|8839|8842|8843|8846|8847|8848|8849|8850|8899|8900|8905|8906|8909|8910|8913|8914|8941|8942|8945|8946|8973|8974|8981|8982|8987|8986|8999|8998|8997|8996|8995|7818|7815|7814|7807|7800|7551|7552|7553|7526|7525|7524|7277|7276|7269|7268|6887|6886|0|6866|6803|6804|6797|6766|6767|6664|6665|6658|6657|6636|6629|6458|6457|6454|6237|6236|6229|6224|6059|6060|6021|6020|0|5946|5947|5948|5929|5930|5597|5598|5591|5590|0|5548|5545|5336|5333|5332|0|4852|4853|4854|4855|4856|4841|4838|4837|4836|4777|4770|4769|4764|4765|4752|4749|4748|4745|4394|4393|4388|4389|4410|4421|4420|4419|4418|4433|4434|4435|4436|0|4482|4483|4484|4495|4494|4493|0
0|0|0|0|0|0|0|0|0|0|8836|8837|8832|8831|8844|8845|8824|8823|8822|8815|8814|8813|8812|8809|8808|8917|8916|8915|8940|8943|8944|8947|8972|8971|8970|8969|8988|8989|8990|8991|8992|8993|8994|7819|7812|7813|7808|7799|7598|7597|7554|7555|7556|7557|7264|7265|7266|7267|6888|6885|6868|6867|6802|6801|6798|6765|6762|6761|6666|6667|6668|6635|6630|6451|6452|6453|6238|6239|6228|6225|6058|0|6022|6019|6018|0|5950|5949|5928|5605|5604|5599|5588|5589|5550|5549|5544|5337|5330|5331|5308|5307|5304|5303|4858|4857|4840|4839|4876|4877|4776|4771|4772|4763|4762|4753|4754|4743|4744|4395|4392|4391|4390|4409|4422|0|4426|4427|4432|4431|4438|4437|0|4481|4480|4479|4496|0|0|0
0|0|0|0|0|0|0|0|0|0|8835|8834|8833|8830|8829|8828|8825|8820|8821|8816|8801|8802|8811|8810|8807|8918|8921|8922|8939|8938|8937|8948|8961|8962|8963|8968|8967|8084|8083|7854|7853|7852|0|7820|7811|7810|7809|7798|7599|7596|7561|7560|7559|7558|7263|7262|6891|6890|6889|6884|6869|6870|6871|6800|6799|6764|6763|6760|6759|0|6669|6634|6631|6450|0|6250|6249|6240|6227|6226|6057|6056|6023|6024|6017|5952|5951|5926|5927|5606|5603|5600|5587|5586|5551|5552|5543|5338|5329|5328|5309|5306|5305|5302|4859|4860|0|4874|4875|4878|4775|4774|4773|4760|4761|4756|4755|4742|4741|4396|4397|4398|4399|4408|4423|4424|4425|4428|4429|4430|4439|4466|4467|4468|4477|4478|4497|4498|0|0
0|0|0|0|0|0|0|0|0|8695|8696|0|8704|8705|8706|8827|8826|8819|8818|8817|8800|8803|8804|8805|8806|8919|8920|8923|8930|8931|8936|8949|8960|8959|8964|8965|8966|8085|8082|7855|7850|7851|7822|7821|7794|7795|7796|7797|7600|7595|7562|7563|7564|7565|7260|7261|6892|6893|6894|6883|0|6873|6872|6751|6752|6755|6756|6757|6758|6671|6670|6633|6632|6449|6448|6251|6248|6241|6052|6053|6054|6055|0|6025|6016|5953|5954|5925|5608|5607|5602|5601|5584|5585|0|5553|5542|5339|5326|5327|5310|5311|5312|5301|0|4861|4862|4873|4872|4879|4880|4881|4882|4759|4758|4757|4904|4905|4740|4739|4402|4401|4400|4407|4446|4445|4444|4443|4442|4441|4440|4465|4470|4469|4476|4501|4500|4499|0|0
0|0|0|0|0|0|8691|8692|8693|8694|8697|8698|8703|8702|8707|0|8721|8722|8723|8724|8799|8798|8797|8796|8795|8794|8925|8924|8929|8932|8935|8950|0|8958|8957|8956|8087|8086|8081|7856|7849|7848|7823|7792|7793|0|7609|7608|7601|7594|7583|7582|7567|7566|7259|7250|7249|6896|6895|6882|6875|6874|6749|6750|6753|6754|6729|6728|6727|6672|6673|6674|6445|6446|6447|6252|6247|6242|6051|6040|6039|6038|6027|6026|6015|5956|5955|5924|5609|5578|5579|5582|5583|0|5555|5554|5541|5340|5325|5324|5315|5314|5313|5300|4865|4864|4863|4870|4871|4886|4885|4884|4883|4898|4899|4902|4903|4906|4907|4738|4403|4404|4405|4406|4447|4448|4449|0|4459|4460|4463|4464|4471|4472|4475|4502|4505|4506|0|0
0|0|0|0|0|0|8690|8689|8688|8687|8686|8699|8700|8701|8708|8709|8720|8719|8718|8725|8788|8789|8790|8791|8792|8793|8926|8927|8928|8933|8934|8951|8952|8953|8954|8955|8088|8079|8080|7857|7858|7847|7824|7791|7788|7787|7610|7607|7602|7593|7584|7581|7568|7257|7258|7251|7248|6897|6898|6881|6876|6747|6748|6737|6736|0|6730|6725|6726|6679|6678|6675|6444|6407|6406|6253|6246|6243|6050|6041|6036|6037|6028|6029|6014|5957|5958|5923|5610|5577|5580|5581|5568|5567|5556|5557|5540|5341|5342|5323|5316|5317|5298|5299|4866|4867|4868|4869|4888|4887|4892|4893|0|4897|4900|4901|4924|4923|4908|4737|4736|4683|4682|4681|4452|4451|4450|4457|4458|4461|4462|4543|4542|4473|4474|4503|4504|4507|0|0
0|0|0|0|0|0|0|0|0|0|8685|8682|8681|8678|8677|8710|8711|8712|8717|8726|8787|8786|8785|8782|8781|8780|8779|8776|8775|8772|8771|8768|8767|8766|8765|8764|8089|8078|8077|7860|7859|7846|7825|7790|7789|7786|7611|7606|7603|7592|7585|7580|7569|7256|7253|7252|7247|6900|6899|6880|6877|6746|6745|6738|6735|6734|6731|6724|6681|6680|6677|6676|6443|6408|6405|6254|6245|6244|6049|6042|6035|6034|6031|6030|6013|6012|5959|5922|5611|5576|5575|5570|5569|5566|5559|5558|5539|5538|5343|5322|5319|5318|5297|5154|5153|5148|5147|5146|4889|4890|4891|4894|4895|4896|4927|4926|4925|4922|4909|4734|4735|4684|4679|4680|4453|4454|4455|4456|4547|4546|4545|4544|4541|4534|4533|4524|4523|4508|4509|4510
0|0|0|0|0|0|0|0|0|0|8684|8683|8680|8679|8676|8675|8674|8713|8716|8727|8728|8729|8784|8783|8738|8739|8778|8777|8774|8773|8770|8769|8760|8761|8762|8763|8090|8091|8076|7861|0|7845|7826|7783|7784|7785|7612|7605|7604|7591|7586|7579|7570|7255|7254|7245|7246|6901|6902|6879|6878|6743|6744|6739|0|6733|6732|6723|6682|6683|6440|6441|6442|6409|6404|6255|6256|0|6048|6043|6044|6033|6032|6009|6010|6011|5960|5921|5612|5613|5574|5571|5564|5565|5560|5533|5534|5537|5344|5321|5320|5295|5296|5155|5152|5149|5144|5145|5132|5131|5130|5129|4930|4929|4928|4919|4920|4921|4910|4733|4732|4685|4678|4677|4676|4569|4568|4567|4548|4551|4552|4553|4540|4535|4532|4525|4522|4515|4514|4511
0|0|0|0|0|0|0|0|0|0|0|8668|8669|8670|8671|8672|8673|8714|8715|8614|8613|8730|8731|8732|8737|8740|8747|8748|8749|0|8753|8754|8759|8758|8101|8100|8099|8092|8075|7862|7863|7844|7827|7782|7781|7780|7613|7614|7615|7590|7587|7578|7571|7242|7243|7244|7229|7228|6903|6906|6907|6742|6741|6740|6719|6720|6721|6722|6685|6684|6439|6420|6419|6410|6403|6402|6257|6258|6047|6046|6045|6006|6007|6008|5977|5976|5961|5920|5919|5614|5573|5572|5563|5562|5561|5532|5535|5536|5345|5346|0|5294|5293|5156|5151|5150|5143|5142|5133|5134|5127|5128|4931|4932|4933|4918|4917|4916|4911|4912|4731|4686|4673|4674|4675|4570|4571|4566|4549|4550|4555|4554|4539|4536|4531|4526|4521|4516|4513|4512
0|0|0|0|0|0|0|0|0|0|0|8667|8666|8665|8664|8663|8662|8661|8616|8615|8612|8605|8604|8733|8736|8741|8746|8745|8750|8751|8752|8755|8756|8757|8102|8097|8098|8093|8074|7865|7864|7843|7828|7829|7830|7779|7778|7617|7616|7589|7588|7577|7572|7241|7236|7235|7230|7227|6904|6905|6908|6909|6910|6911|6718|6717|6712|6711|6686|0|6438|6421|6418|6411|6412|6401|6400|6259|6260|6261|6262|6005|6004|6003|5978|5975|5962|0|5918|5615|5616|5617|5528|5529|5530|5531|5506|5505|5348|5347|5290|5291|5292|5157|5158|5159|5160|5141|5140|5135|5126|5125|4936|4935|4934|4941|4942|4915|4914|4913|4730|4687|4672|4671|4670|4573|4572|4565|4562|4561|4556|0|4538|4537|4530|4527|4520|4517|0|0
0|0|0|0|0|0|0|0|0|0|8649|8650|8653|8654|8657|8658|8659|8660|8617|8610|8611|8606|8603|8734|8735|8742|8743|8744|8483|8482|8481|8480|8479|8104|8103|8096|8095|8094|8073|7866|7867|7842|7841|7832|7831|7776|7777|7618|7619|7620|0|7576|7573|7240|7237|7234|7231|7226|6927|6926|6923|6922|6921|6912|6913|6716|6713|6710|6687|6688|6437|6422|6417|6414|6413|6398|6399|6282|6281|6264|6263|6000|6001|6002|5979|5974|5963|5916|5917|5620|5619|5618|5527|5518|5517|5516|5507|5504|5349|0|5289|5288|5287|5170|5169|5168|5161|5162|5139|5136|5123|5124|4937|4938|4939|4940|4943|4944|4945|4946|4729|4688|4689|4690|4669|4574|4575|4564|4563|4560|4557|0|0|0|4529|4528|4519|4518|0|0
0|0|0|0|0|0|0|0|0|8647|8648|8651|8652|8655|8656|8623|8622|8619|8618|8609|8608|8607|8602|8601|8600|8497|8496|8495|8484|8475|8476|8477|8478|8105|8106|8069|8070|8071|8072|7869|7868|0|7840|7833|7834|7775|7774|7761|7760|7621|7622|7575|7574|7239|7238|7233|7232|7225|6928|6925|6924|6919|6920|6915|6914|6715|6714|6709|6690|6689|6436|6423|6416|6415|0|6397|6284|6283|6280|6265|6266|5999|5998|5981|5980|5973|5964|5915|5914|5621|5622|5525|5526|5519|5514|5515|5508|5503|5350|5351|5352|5285|5286|5171|5172|5167|5164|5163|5138|5137|5122|5121|5022|5021|4960|4959|4958|4957|4956|4947|4728|4697|4696|4691|4668|4667|4576|4577|4578|4559|4558|0|0|0|0|0|0|0|0|0
0|0|0|0|0|0|0|0|0|8646|8645|8644|8643|8626|8625|8624|8621|8620|8577|8578|8593|8594|8595|8598|8599|8498|8493|8494|8485|8474|8471|8470|8129|8128|8107|8068|8067|8066|8065|7870|7871|7872|7839|7836|7835|7772|7773|7762|7759|7758|7623|7624|7625|7626|0|7222|7223|7224|6929|6930|6931|6918|6917|6916|6705|6706|6707|6708|6691|6434|6435|6424|6425|6394|6395|6396|6285|0|6279|6268|6267|5996|5997|5982|5971|5972|5965|5966|5913|5912|5623|5524|5523|5520|5513|5512|5509|5502|5359|5358|5353|5284|5283|5174|5173|5166|5165|0|5181|5182|5119|5120|5023|5020|4961|4962|4963|4954|4955|4948|4727|4698|4695|4692|4665|4666|4581|4580|4579|0|0|0|0|0|0|0|0|0|0|0
0|0|0|0|0|0|0|0|0|8639|8640|8641|8642|8627|8570|8571|8572|8573|8576|8579|8592|8591|8596|8597|8500|8499|8492|8491|8486|8473|8472|8469|8130|8127|8108|8109|8062|8063|8064|7875|7874|7873|7838|7837|0|7771|7770|7763|7764|7757|7636|7635|7634|7627|7628|7221|7218|7217|7152|7151|6932|6933|6934|0|6704|6703|6700|6699|6692|6433|6432|6427|6426|6393|6324|6323|6286|6287|6278|6269|5994|5995|5984|5983|5970|5969|5968|5967|0|5911|5624|0|5522|5521|0|5511|5510|5501|5360|5357|5354|5281|5282|5175|5176|5177|5178|5179|5180|5183|5118|5025|5024|5019|5016|5015|4964|4953|4950|4949|4726|4699|4694|4693|4664|4663|4582|4583|0|0|0|0|0|0|0|0|0|0|0|0
0|0|0|0|0|0|0|0|0|8638|8637|8632|8631|8628|8569|8566|8565|8574|8575|8580|8581|8590|8589|8588|8501|8502|8503|8490|8487|8466|8467|8468|8131|8126|8111|8110|8061|8058|8057|7876|7877|7878|7879|7880|7881|7882|7769|7768|7765|7756|7637|0|7633|7630|7629|7220|7219|7216|7153|7150|7141|7140|6935|6936|0|6702|6701|6698|6693|6694|6431|6428|6391|6392|6325|6322|6289|6288|6277|6270|5993|5986|5985|5898|5899|5906|5907|5908|5909|5910|5625|5626|5627|5628|5497|5498|5499|5500|5361|5356|5355|5280|5267|5266|5207|5206|5201|5200|5199|5184|5117|5026|0|5018|5017|5014|4965|4952|4951|0|4725|4700|4701|0|0|4662|4585|4584|0|0|4605|4606|0|0|0|0|0|0|0|0
0|0|0|0|0|0|0|0|0|0|8636|8633|8630|8629|8568|8567|8564|8563|8562|8561|8582|0|8586|8587|8506|8505|8504|8489|8488|8465|8464|8463|8132|8125|8112|8113|8060|8059|8056|8055|7894|7893|7892|7891|7884|7883|0|7767|7766|7755|7638|7639|7632|7631|7212|7213|7214|7215|7154|7149|7142|7139|6938|6937|6942|6943|0|6697|6696|6695|6430|6429|6390|6389|6326|6321|6290|0|6276|6271|5992|5987|0|5897|5900|5905|5726|5725|5724|5723|5714|5713|5630|5629|5496|5495|5494|5493|5362|5363|5278|5279|5268|5265|5208|5205|5202|5197|5198|5185|5116|5027|5028|5029|5012|5013|4966|4967|4968|4969|4724|4723|4702|4703|4660|4661|4586|4587|4588|4589|4604|4607|0|0|0|0|0|0|0|0
0|0|0|0|0|0|0|0|0|0|8635|8634|8553|8554|8555|8556|8557|8558|8559|8560|8583|8584|8585|8508|8507|0|8453|8454|8457|8458|8461|8462|8133|8124|8123|8114|8115|0|8053|8054|7895|7896|0|7890|7885|7886|7751|7752|7753|7754|7641|7640|7209|7210|7211|7188|7187|7186|7155|7148|7143|7138|6939|6940|6941|6944|6945|6946|6947|6948|6385|6386|6387|6388|6327|6320|6291|6292|6275|6272|5991|5988|5895|5896|5901|5904|5727|5728|5721|5722|5715|5712|5631|5632|5633|5488|5489|5492|5365|5364|5277|5270|5269|5264|5209|5204|5203|5196|5195|5186|5115|5112|5111|5030|5011|5010|5009|5000|4999|4970|0|4722|4721|4704|4659|4658|4593|4592|4591|4590|4603|4608|0|0|0|0|0|0|0|0
0|0|0|0|0|0|0|0|0|0|0|0|8552|8551|8550|8549|8548|8527|8526|8521|8520|8519|8510|8509|8450|8451|8452|8455|8456|8459|8460|8135|8134|0|8122|8117|8116|8051|8052|8047|8046|7897|7898|7889|7888|7887|7750|7749|7748|7747|7642|7643|7208|7205|7204|7189|0|7185|7156|7147|7144|7137|7034|7033|7008|7007|7006|7005|6950|6949|6384|6383|6382|6381|6328|6319|6294|6293|6274|6273|5990|5989|5894|5893|5902|5903|5730|5729|5720|5719|5716|5711|5710|5709|5634|5487|5490|5491|5366|5367|5276|5271|5262|5263|5210|5213|5214|5193|5194|5187|5114|5113|5110|5031|5032|5033|5008|5001|4998|4971|4972|4973|4720|4705|4706|4657|4594|0|4598|4599|4602|4609|4612|4613|0|4617|4618|0|0|0
0|0|0|0|0|0|0|0|0|0|0|0|0|0|8543|8544|8547|8528|8525|8522|8517|8518|8511|0|8449|8448|8227|8226|8225|8222|8221|8136|8137|8138|8121|8118|0|8050|8049|8048|8045|8044|7899|7900|7901|7902|7903|7744|7745|7746|7645|7644|7207|7206|7203|7190|7183|7184|7157|7146|7145|7136|7035|7032|7009|7010|7011|7004|6951|6952|6377|6378|6379|6380|6329|6318|6295|6296|6299|6300|0|5884|5885|5892|5891|5890|5731|5732|5733|5718|5717|5704|5705|5708|5635|5486|5483|5482|5481|5368|5275|5272|5261|5260|5211|5212|5215|5192|5189|5188|5107|5108|5109|5036|5035|5034|5007|5002|4997|4996|4975|4974|4719|4708|4707|4656|4595|4596|4597|4600|4601|4610|4611|4614|4615|4616|4619|4620|0|0
0|0|0|0|0|0|0|0|0|0|0|0|8540|8541|8542|8545|8546|8529|8524|8523|8516|8515|8512|8445|8446|8447|8228|8229|8224|8223|8220|8219|8140|8139|8120|8119|8038|8039|8040|8041|8042|8043|7916|7915|7906|7905|7904|7743|7740|7739|7646|7647|7648|7201|7202|7191|7182|7181|7158|7159|0|7135|7036|7031|7014|7013|7012|7003|7002|6953|6376|6373|6372|6331|6330|6317|6316|6297|6298|6301|5882|5883|5886|5887|5888|5889|5744|5743|5734|5735|5702|5703|5706|5707|5636|5485|5484|5479|5480|5369|5274|5273|0|5259|5258|5217|5216|5191|5190|0|5106|5095|5094|5037|5038|5039|5006|5003|0|4995|4976|4977|4718|4709|4654|4655|4646|4645|4634|4633|4632|4629|4628|4627|4626|4625|4624|4621|0|0
0|0|0|0|0|0|0|0|0|0|0|0|8539|8538|8535|8534|8531|8530|0|8426|8427|8514|8513|8444|8443|8442|8231|8230|0|8216|8217|8218|8141|8142|8143|0|8037|8036|8035|7972|7971|7918|7917|7914|7907|7908|7909|7742|7741|7738|7737|7650|7649|7200|7199|7192|7179|7180|7161|7160|7133|7134|7037|7030|7015|7016|7017|0|7001|6954|6375|6374|6371|6332|6333|6334|6315|6306|6305|6302|5881|5880|5879|5878|5747|5746|5745|5742|5741|5736|5701|5700|5699|5698|5637|5638|0|5478|5477|5370|0|5374|5375|5256|5257|5218|5219|5220|5221|5104|5105|5096|5093|5042|5041|5040|5005|5004|4993|4994|4979|4978|4717|4710|4653|4648|4647|4644|4635|4636|4631|4630|0|0|0|0|4623|4622|0|0
0|0|0|0|0|0|0|0|0|0|0|0|0|8537|8536|8533|8532|0|8424|8425|8428|8437|8438|8439|8440|8441|8232|8235|8236|8215|8210|8209|8198|8197|8144|8031|8032|8033|8034|7973|7970|7919|7920|7913|7912|7911|7910|0|7734|7735|7736|7651|7652|7653|7198|7193|7178|7177|7162|0|7132|7131|7038|7029|7024|7023|7018|6999|7000|6955|6956|6957|6370|6369|6368|6335|6314|6307|6304|6303|5874|5875|5876|5877|5748|5749|5750|5751|5740|5737|5694|5695|5696|5697|5640|5639|5474|5475|5476|5371|5372|5373|5376|5255|5254|5249|5248|5223|5222|5103|5102|5097|5092|5043|5044|5045|5046|0|4992|4981|4980|4715|4716|4711|4652|4649|0|4643|4642|4637|4638|0|0|0|0|0|0|0|0|0
0|0|0|0|0|0|0|0|0|0|0|0|0|0|8409|8410|8411|8412|8423|8422|8429|8436|8435|8434|8295|8294|8233|8234|8237|8214|8211|8208|8199|8196|8145|8030|8029|8028|8027|7974|7969|7968|7921|7922|7923|7924|7925|7926|7733|7730|7729|7658|7657|7654|7197|7194|7175|7176|7163|7128|7129|7130|7039|7028|7025|7022|7019|6998|6997|6990|6989|6958|6365|6366|6367|6336|6313|6308|6309|0|5873|5872|5871|5778|5777|5772|5771|5752|5739|5738|5693|5692|5691|5690|5641|0|5473|5472|5445|5444|5439|5438|5377|5378|5253|5250|5247|5224|5227|5228|5101|5098|5091|5052|5051|5048|5047|4990|4991|4982|4983|4714|4713|4712|4651|4650|0|0|4641|4640|4639|0|0|0|0|0|0|0|0|0
0|0|0|0|0|0|0|0|0|0|0|0|0|0|8408|8407|8406|8413|0|8421|8430|8431|8432|8433|8296|8293|8240|8239|8238|8213|8212|8207|8200|8195|8146|8023|8024|8025|8026|7975|7976|7967|7932|7931|7930|7929|7928|7927|7732|7731|7728|7659|7656|7655|7196|7195|7174|7173|7164|7127|7126|7041|7040|7027|7026|7021|7020|6995|6996|6991|6988|6959|6364|6355|6354|6337|6312|6311|6310|5867|5868|5869|5870|5779|5776|5773|5770|5753|5754|0|5686|5687|5688|5689|5642|5643|5470|5471|5446|5443|5440|5437|5380|5379|5252|5251|5246|5225|5226|5229|5100|5099|5090|5053|5050|5049|0|4989|4986|4985|4984|0|0|0|0|0|0|0|0|0|0|0|0|0|0|0|0|0|0|0
0|0|0|0|0|0|0|0|0|0|0|0|8401|8402|8403|8404|8405|8414|8415|8420|8419|8318|8317|8298|8297|8292|8241|8242|8243|8244|8245|8206|8201|8194|8147|8022|8021|8020|8011|8010|7977|7966|7933|7934|7935|7938|7939|7724|7725|7726|7727|7660|7661|7662|7663|7664|7171|7172|7165|7124|7125|7042|7043|7044|7045|7048|7049|6994|6993|6992|6987|6960|6363|6356|6353|6338|6339|0|0|5866|5865|5864|5863|5780|5775|5774|5769|5756|5755|5684|5685|5676|5675|5674|5645|5644|5469|5448|5447|5442|5441|5436|5381|5382|5383|5244|5245|5232|5231|5230|5087|5088|5089|5054|5055|5056|0|4988|4987|0|0|0|0|0|0|0|0|0|0|0|0|0|0|0|0|0|0|0|0|0
0|0|0|0|0|0|0|0|0|0|0|0|8400|8399|8398|8397|8396|8395|8416|8417|8418|8319|8316|8299|0|8291|8290|8287|8286|8247|8246|8205|8202|8193|8148|8149|8018|8019|8012|8009|7978|7965|7956|7955|7936|7937|7940|7723|7722|7721|7720|7677|7676|7675|7666|7665|7170|7169|7166|7123|7122|7119|7118|7117|7046|7047|7050|7051|6984|6985|6986|6961|6362|6357|6352|6351|6340|6341|5858|5859|5860|5861|5862|5781|5782|5783|5768|5757|5758|5683|5682|5677|5672|5673|5646|5647|5468|5449|5450|5433|5434|5435|5410|5409|5384|5243|5242|5233|5234|0|5086|5085|5084|5067|5066|5057|5058|0|0|0|0|0|0|0|0|0|0|0|0|0|0|0|0|0|0|0|0|0|0|0
0|0|0|0|0|0|0|0|0|0|0|0|8389|8390|8391|8392|8393|8394|8359|8358|8357|8320|8315|8300|8301|0|8289|8288|8285|8248|0|8204|8203|8192|8191|8150|8017|8014|8013|8008|7979|7964|7957|7954|7947|7946|7941|7716|7717|7718|7719|7678|7679|7674|7667|7668|0|7168|7167|0|7121|7120|0|7116|7115|7054|7053|7052|6983|6974|6973|6962|6361|6358|6349|6350|6343|6342|5857|5846|5845|5840|5839|5786|5785|5784|5767|5766|5759|5760|5681|5678|5671|5670|5649|5648|5467|5452|5451|5432|5431|5430|5411|5408|5385|5386|5241|5236|5235|0|0|5082|5083|5068|5065|5064|5059|5060|0|0|0|0|0|0|0|0|0|0|0|0|0|0|0|0|0|0|0|0|0|0
0|0|0|0|0|0|0|0|0|0|0|0|8388|8387|8386|8385|8366|8365|8360|8355|8356|8321|8314|8303|8302|8281|8282|8283|8284|8249|8250|8251|8188|8189|8190|8151|8016|8015|8006|8007|7980|7963|7958|7953|7948|7945|7942|7715|7714|7699|7698|7681|7680|7673|7670|7669|0|0|0|7109|7110|7111|7112|7113|7114|7055|7056|6981|6982|6975|6972|6963|6360|6359|6348|6347|6344|5855|5856|5847|5844|5841|5838|5787|5788|5789|5790|5765|5764|5761|5680|5679|0|5669|5650|0|5466|5453|5454|0|5428|5429|5412|5407|5406|5387|5240|5237|0|0|0|5081|5070|5069|0|5063|5062|5061|0|0|0|0|0|0|0|0|0|0|0|0|0|0|0|0|0|0|0|0|0|0
0|0|0|0|0|0|0|0|0|0|0|8380|8381|8382|8383|8384|8367|8364|8361|8354|8353|8322|8313|8304|8279|8280|8273|8272|8271|8254|8253|8252|8187|8176|8175|8152|8153|0|8005|7982|7981|7962|7959|7952|7949|7944|7943|7712|7713|7700|7697|7682|7683|7672|7671|0|0|0|0|7108|7107|7106|7105|7088|7087|7058|7057|6980|6979|6976|6971|6964|6965|0|0|6346|6345|5854|5849|5848|5843|5842|5837|5836|5793|5792|5791|0|5763|5762|0|5666|5667|5668|5651|5652|5465|5456|5455|5426|5427|5414|5413|5404|5405|5388|5239|5238|0|5078|5079|5080|5071|0|0|0|0|0|0|0|0|0|0|0|0|0|0|0|0|0|0|0|0|0|0|0|0|0|0|0
0|0|0|0|0|0|0|0|0|0|0|8379|8378|8377|8374|8373|8368|8363|8362|0|8352|8323|8312|8305|8278|8275|8274|8269|8270|8255|8184|8185|8186|8177|8174|8155|8154|8003|8004|7983|7984|7961|7960|7951|7950|7709|7710|7711|7702|7701|7696|7685|7684|0|0|0|0|0|0|7101|7102|7103|7104|7089|7086|7059|7060|7061|6978|6977|6970|6969|6966|0|0|0|0|5853|5850|5829|5830|5833|5834|5835|5794|5795|5796|5797|0|0|0|5665|5664|5663|5654|5653|5464|5457|5458|5425|5424|5415|5416|5403|5402|5389|5390|5391|0|5077|5076|5073|5072|0|0|0|0|0|0|0|0|0|0|0|0|0|0|0|0|0|0|0|0|0|0|0|0|0|0|0
0|0|0|0|0|0|0|0|0|0|0|0|0|8376|8375|8372|8369|0|8347|8348|8351|8324|8311|8306|8277|8276|0|8268|8267|8256|8183|8182|8179|8178|8173|8156|8157|8002|8001|7986|7985|0|0|0|0|7708|7707|7704|7703|7694|7695|7686|7687|0|0|0|0|0|0|7100|7099|7098|7091|7090|7085|7066|7065|7062|0|0|0|6968|6967|0|0|0|0|5852|5851|5828|5831|5832|5819|5818|5801|5800|5799|5798|0|0|0|5660|5661|5662|5655|0|5463|5460|5459|5422|5423|5418|5417|5400|5401|5396|5395|5392|0|0|5075|5074|0|0|0|0|0|0|0|0|0|0|0|0|0|0|0|0|0|0|0|0|0|0|0|0|0|0|0|0
0|0|0|0|0|0|0|0|0|0|0|0|0|0|0|8371|8370|0|8346|8349|8350|8325|8310|8307|0|0|0|8265|8266|8257|8258|8181|8180|8171|8172|8159|8158|7999|8000|7987|7988|0|0|0|0|0|7706|7705|0|7693|7692|7689|7688|0|0|0|0|0|0|0|0|7097|7092|0|7084|7067|7064|7063|0|0|0|0|0|0|0|0|0|0|0|5827|5824|5823|5820|5817|5802|5803|5804|0|0|0|0|5659|5658|5657|5656|0|5462|5461|0|5421|5420|5419|0|5399|5398|5397|5394|5393|0|0|0|0|0|0|0|0|0|0|0|0|0|0|0|0|0|0|0|0|0|0|0|0|0|0|0|0|0|0|0|0
0|0|0|0|0|0|0|0|0|0|0|0|0|0|0|0|0|0|8345|8336|8335|8326|8309|8308|0|0|0|8264|8263|8262|8259|0|0|8170|8161|8160|7997|7998|7991|7990|7989|0|0|0|0|0|0|0|0|0|7691|7690|0|0|0|0|0|0|0|0|0|7096|7093|7082|7083|7068|7069|0|0|0|0|0|0|0|0|0|0|0|0|5826|5825|5822|5821|5816|5807|5806|5805|0|0|0|0|0|0|0|0|0|0|0|0|0|0|0|0|0|0|0|0|0|0|0|0|0|0|0|0|0|0|0|0|0|0|0|0|0|0|0|0|0|0|0|0|0|0|0|0|0|0|0|0|0
0|0|0|0|0|0|0|0|0|0|0|0|0|0|0|0|0|0|8344|8337|8334|8327|0|0|0|0|0|0|0|8261|8260|0|0|8169|8162|8163|7996|7995|7992|0|0|0|0|0|0|0|0|0|0|0|0|0|0|0|0|0|0|0|0|0|0|7095|7094|7081|7078|7077|7070|7071|7072|0|0|0|0|0|0|0|0|0|0|0|0|0|0|5815|5808|5809|0|0|0|0|0|0|0|0|0|0|0|0|0|0|0|0|0|0|0|0|0|0|0|0|0|0|0|0|0|0|0|0|0|0|0|0|0|0|0|0|0|0|0|0|0|0|0|0|0|0|0|0|0|0
0|0|0|0|0|0|0|0|0|0|0|0|0|0|0|0|0|8342|8343|8338|8333|8328|8329|0|0|0|0|0|0|0|0|0|0|8168|8167|8164|0|7994|7993|0|0|0|0|0|0|0|0|0|0|0|0|0|0|0|0|0|0|0|0|0|0|0|0|7080|7079|7076|7075|7074|7073|0|0|0|0|0|0|0|0|0|0|0|0|0|0|5814|5813|5810|0|0|0|0|0|0|0|0|0|0|0|0|0|0|0|0|0|0|0|0|0|0|0|0|0|0|0|0|0|0|0|0|0|0|0|0|0|0|0|0|0|0|0|0|0|0|0|0|0|0|0|0|0|0
0|0|0|0|0|0|0|0|0|0|0|0|0|0|0|0|0|8341|8340|8339|8332|8331|8330|0|0|0|0|0|0|0|0|0|0|0|8166|8165|0|0|0|0|0|0|0|0|0|0|0|0|0|0|0|0|0|0|0|0|0|0|0|0|0|0|0|0|0|0|0|0|0|0|0|0|0|0|0|0|0|0|0|0|0|0|0|0|5812|5811|0|0|0|0|0|0|0|0|0|0|0|0|0|0|0|0|0|0|0|0|0|0|0|0|0|0|0|0|0|0|0|0|0|0|0|0|0|0|0|0|0|0|0|0|0|0|0|0|0|0|0|0|0|0
0|0|0|0|0|0|0|0|0|0|0|0|0|0|0|0|0|0|0|0|0|0|0|0|0|0|0|0|0|0|0|0|0|0|0|0|0|0|0|0|0|0|0|0|0|0|0|0|0|0|0|0|0|0|0|0|0|0|0|0|0|0|0|0|0|0|0|0|0|0|0|0|0|0|0|0|0|0|0|0|0|0|0|0|0|0|0|0|0|0|0|0|0|0|0|0|0|0|0|0|0|0|0|0|0|0|0|0|0|0|0|0|0|0|0|0|0|0|0|0|0|0|0|0|0|0|0|0|0|0|0|0|0|0|0|0|0|0|0|0
0|0|0|0|0|0|0|0|0|0|0|0|0|0|0|0|0|0|0|0|0|0|0|0|0|0|0|0|0|0|0|0|0|0|0|0|0|0|0|0|0|0|0|0|0|0|0|0|0|0|0|0|0|0|0|0|0|0|0|0|0|0|0|0|0|0|0|0|0|0|0|0|0|0|0|0|0|0|0|0|0|0|0|0|0|0|0|0|0|0|0|0|0|0|0|0|0|0|0|0|0|0|0|0|0|0|0|0|0|0|0|0|0|0|0|0|0|0|0|0|0|0|0|0|0|0|0|0|0|0|0|0|0|0|0|0|0|0|0|0
0|0|0|0|0|0|0|0|0|0|0|0|0|0|0|0|0|0|0|0|0|0|0|0|0|0|0|0|0|0|0|0|0|0|0|0|0|0|0|0|0|0|0|0|0|0|0|0|0|0|0|0|0|0|0|0|0|0|0|0|0|0|0|0|0|0|0|0|0|0|0|0|0|0|0|0|0|0|0|0|0|0|0|0|0|0|0|0|0|0|0|0|0|0|0|0|0|0|0|0|0|0|0|0|0|0|0|0|0|0|0|0|0|0|0|0|0|0|0|0|0|0|0|0|0|0|0|0|0|0|0|0|0|0|0|0|0|0|0|0
0|0|0|0|0|0|0|0|0|0|0|0|0|0|0|0|0|0|0|0|0|0|0|0|0|0|0|0|0|0|0|0|0|0|0|0|0|0|0|0|0|0|0|0|0|0|0|0|0|0|0|0|0|0|0|0|0|0|0|0|0|0|0|0|0|0|0|0|0|0|0|0|0|0|0|0|0|0|0|0|0|0|0|0|0|0|0|0|0|0|0|0|0|0|0|0|0|0|0|0|0|0|0|0|0|0|0|0|0|0|0|0|0|0|0|0|0|0|0|0|0|0|0|0|0|0|0|0|0|0|0|0|0|0|0|0|0|0|0|0
0|0|0|0|0|0|0|0|0|0|0|0|0|0|0|0|0|0|0|0|0|0|0|0|0|0|0|0|0|0|0|0|0|0|0|0|0|0|0|0|0|0|0|0|0|0|0|0|0|0|0|0|0|0|0|0|0|0|0|0|0|0|0|0|0|0|0|0|0|0|0|0|0|0|0|0|0|0|0|0|0|0|0|0|0|0|0|0|0|0|0|0|0|0|0|0|0|0|0|0|0|0|0|0|0|0|0|0|0|0|0|0|0|0|0|0|0|0|0|0|0|0|0|0|0|0|0|0|0|0|0|0|0|0|0|0|0|0|0|0
